0, 116.55234919703
1, 102.057618100292
2, 102.057618100292
3, 100.87594733965
4, 100.87594733965
5, 100.87594733965
6, 94.1728856545659
7, 94.1728856545659
8, 82.9743879056237
9, 82.9743879056237
10, 66.2765541834487
11, 66.2765541834487
12, 63.4361245253349
13, 63.4361245253349
14, 63.4361245253349
15, 63.4361245253349
16, 60.5448822276263
17, 60.5448822276263
18, 58.3681210947523
19, 58.3681210947523
20, 56.5430171422487
21, 50.4954722288164
22, 40.1396485882141
23, 39.2183954708674
24, 38.5434332332418
25, 38.5434332332418
26, 38.5434332332418
27, 37.5299520626343
28, 37.5299520626343
29, 37.5299520626343
30, 37.5299520626343
31, 37.5299520626343
32, 30.3980923824029
33, 30.3980923824029
34, 30.3980923824029
35, 30.3980923824029
36, 30.3980923824029
37, 30.3980923824029
38, 30.3980923824029
39, 30.3980923824029
40, 30.3980923824029
41, 18.6845974150867
42, 18.6845974150867
43, 18.6845974150867
44, 18.6845974150867
45, 18.6845974150867
46, 18.6845974150867
47, 18.6845974150867
48, 18.6845974150867
49, 18.6845974150867
50, 18.6845974150867
51, 18.6845974150867
52, 18.6845974150867
53, 18.6845974150867
54, 18.6845974150867
55, 18.6845974150867
56, 18.6845974150867
57, 18.6845974150867
58, 18.6845974150867
59, 18.6845974150867
60, 18.6845974150867
61, 13.7619952612514
62, 13.7619952612514
63, 13.7619952612514
64, 13.7619952612514
65, 13.7619952612514
66, 13.27364862015
67, 13.0406570681062
68, 13.0406570681062
69, 13.0406570681062
70, 13.0406570681062
71, 13.0406570681062
72, 13.0406570681062
73, 13.0406570681062
74, 13.0406570681062
75, 11.5071708159159
76, 7.86050998005282
77, 7.86050998005282
78, 7.86050998005282
79, 7.86050998005282
80, 7.86050998005282
81, 7.24486444355465
82, 6.57571972770353
83, 6.57571972770353
84, 6.57571972770353
85, 3.99820291454444
86, 3.99820291454444
87, 3.99820291454444
88, 3.99820291454444
89, 3.99820291454444
90, 3.99820291454444
91, 3.99820291454444
92, 3.99820291454444
93, 3.99820291454444
94, 3.99820291454444
95, 3.99820291454444
96, 3.76325021931591
97, 3.76325021931591
98, 3.76325021931591
99, 2.55869559987413
100, 2.46409128645734
101, 2.46409128645734
102, 2.46409128645734
103, 2.34000097283684
104, 2.27592837678451
105, 2.23601583708532
106, 2.23601583708532
107, 2.23601583708532
108, 2.19291160729311
109, 2.19291160729311
110, 2.19291160729311
111, 2.18313454598412
112, 2.13821108882537
113, 2.13821108882537
114, 2.13821108882537
115, 2.13821108882537
116, 2.13821108882537
117, 2.13821108882537
118, 2.13821108882537
119, 2.13821108882537
120, 2.12945560336132
121, 2.12918930677132
122, 2.08722834245033
123, 2.06857595865463
124, 2.06646782954269
125, 2.06156837621685
126, 2.06156837621685
127, 2.06156837621685
128, 2.06084146995833
129, 2.0396326962603
130, 2.03868574558221
131, 2.03868574558221
132, 2.02967803574205
133, 2.02511973655747
134, 2.01871768632985
135, 2.00946922886645
136, 2.00553595612811
137, 2.00553595612811
138, 2.00553595612811
139, 2.00085348026928
140, 2.00085348026928
141, 2.00085348026928
142, 1.99504352580353
143, 1.99504352580353
144, 1.99504352580353
145, 1.99245401888326
146, 1.99245401888326
147, 1.99245401888326
148, 1.99245401888326
149, 1.99245401888326
150, 1.99151795916059
151, 1.99150438935952
152, 1.99150438935952
153, 1.99140176198535
154, 1.99083252453446
155, 1.99083252453446
156, 1.99075851721012
157, 1.99059029361286
158, 1.99034000952282
159, 1.99030679580484
160, 1.99030679580484
161, 1.99030679580484
162, 1.99030679580484
163, 1.99023269700656
164, 1.99023269700656
165, 1.99022066199586
166, 1.99021186224714
167, 1.99021186224714
168, 1.98999774982857
169, 1.98999774982857
170, 1.9899848161989
171, 1.98998160501601
172, 1.98998160501601
173, 1.98998160501601
174, 1.98997859269624
175, 1.98997859269624
176, 1.98996059601356
177, 1.98996059601356
178, 1.98996059601356
179, 1.98995010021471
180, 1.98994302804576
181, 1.98994302804576
182, 1.98994302804576
183, 1.98994220068344
184, 1.989940298618
185, 1.98993619146238
186, 1.98992964019805
187, 1.98992943298189
188, 1.98992525270721
189, 1.98992525270721
190, 1.98992525270721
191, 1.98992358361953
192, 1.9899234157071
193, 1.98992055366472
194, 1.98992055366472
195, 1.98992036271024
196, 1.98992036271024
197, 1.98992034022468
198, 1.98992034022468
199, 1.98992034022468
200, 1.98991967584572
201, 1.98991919467859
202, 1.98991919467859
203, 1.98991919467859
204, 1.98991912618795
205, 1.98991912618795
206, 1.98991912618795
207, 1.98991902728829
208, 1.98991902728829
209, 1.98991899880505
210, 1.98991875483699
211, 1.98991854516153
212, 1.98991845608936
213, 1.9899183693624
214, 1.9899183693624
215, 1.98991832233133
216, 1.98991831857432
217, 1.98991829473815
218, 1.98991829243776
219, 1.9899182874461
220, 1.9899182686201
221, 1.9899182675785
222, 1.98991826010345
223, 1.98991825088624
224, 1.98991823985229
225, 1.98991822931136
226, 1.9899182197818
227, 1.98991820823677
228, 1.98991820718584
229, 1.98991820617467
230, 1.98991820602695
231, 1.98991820602695
232, 1.98991820291524
233, 1.98991819281451
234, 1.98991818813162
235, 1.98991818813162
236, 1.98991818813162
237, 1.98991818813162
238, 1.98991818711755
239, 1.98991818576761
240, 1.98991818450391
241, 1.98991818450391
242, 1.98991818436266
243, 1.98991817574667
244, 1.98991817574667
245, 1.98991817574667
246, 1.98991817574667
247, 1.98991817448028
248, 1.98991817442044
249, 1.98991817442044
250, 1.98991816825595
251, 1.98991816807361
252, 1.98991816784677
253, 1.98991816784677
254, 1.98991816784677
255, 1.98991816784677
256, 1.98991816419767
257, 1.98991816419767
258, 1.98991816419767
259, 1.98991816362778
260, 1.98991816272547
261, 1.98991816142656
262, 1.98991816029057
263, 1.989918160205
264, 1.98991816016368
265, 1.98991815999193
266, 1.98991815980963
267, 1.98991815978744
268, 1.98991815695295
269, 1.98991815215145
270, 1.98991815215145
271, 1.98991815196698
272, 1.98991815181022
273, 1.98991815172706
274, 1.98991815172706
275, 1.98991814923378
276, 1.98991814604756
277, 1.98991814366704
278, 1.98991814366704
279, 1.98991814366703
280, 1.98991814366703
281, 1.98991814366703
282, 1.98991814366703
283, 1.98991814366703
284, 1.98991814366703
285, 1.98991814366703
286, 1.98991813810018
287, 1.98991813335951
288, 1.98991812865809
289, 1.98991812865809
290, 1.98991812864728
291, 1.98991812864728
292, 1.98991812275279
293, 1.98991811846012
294, 1.98991811506005
295, 1.98991811506005
296, 1.98991811461565
297, 1.98991811457755
298, 1.98991811452956
299, 1.98991811452956
300, 1.98991811452956
301, 1.98991811452095
302, 1.98991811452095
303, 1.98991811451508
304, 1.98991811451508
305, 1.98991811447096
306, 1.98991811443206
307, 1.98991811438382
308, 1.98991811436119
309, 1.98991811436119
310, 1.98991811436078
311, 1.98991811436078
312, 1.98991811432006
313, 1.98991811429349
314, 1.98991811427625
315, 1.98991811425693
316, 1.98991811425561
317, 1.98991811425561
318, 1.98991811423673
319, 1.98991811423673
320, 1.98991811423673
321, 1.98991811423673
322, 1.98991811423136
323, 1.98991811422253
324, 1.98991811422253
325, 1.98991811422253
326, 1.9899181142204
327, 1.98991811420814
328, 1.98991811420434
329, 1.98991811420404
330, 1.98991811420353
331, 1.98991811420222
332, 1.98991811420101
333, 1.98991811419505
334, 1.98991811419463
335, 1.98991811419463
336, 1.98991811419463
337, 1.9899181141913
338, 1.9899181141913
339, 1.98991811418915
340, 1.98991811418836
341, 1.98991811418812
342, 1.98991811418712
343, 1.98991811418692
344, 1.98991811418692
345, 1.98991811418687
346, 1.98991811418687
347, 1.98991811418663
348, 1.98991811418663
349, 1.98991811418663
350, 1.98991811418663
351, 1.98991811418663
352, 1.98991811418663
353, 1.98991811418663
354, 1.98991811418663
355, 1.98991811418663
356, 1.98991811418663
357, 1.98991811418662
358, 1.98991811418662
359, 1.98991811418662
360, 1.98991811418662
361, 1.98991811418662
362, 1.98991811418662
363, 1.98991811418661
364, 1.98991811418661
365, 1.98991811418661
366, 1.98991811418661
367, 1.98991811418661
368, 1.98991811418661
369, 1.98991811418661
370, 1.98991811418661
371, 1.98991811418661
372, 1.98991811418661
373, 1.98991811418661
374, 1.98991811418661
375, 1.9899181141866
376, 1.9899181141866
377, 1.9899181141866
378, 1.9899181141866
379, 1.9899181141866
380, 1.9899181141866
381, 1.9899181141866
382, 1.9899181141866
383, 1.9899181141866
384, 1.9899181141866
385, 1.9899181141866
386, 1.9899181141866
387, 1.9899181141866
388, 1.9899181141866
389, 1.9899181141866
390, 1.9899181141866
391, 1.9899181141866
392, 1.9899181141866
393, 1.9899181141866
394, 1.9899181141866
395, 1.9899181141866
396, 1.9899181141866
397, 1.9899181141866
398, 1.9899181141866
399, 1.9899181141866
400, 1.9899181141866
401, 1.9899181141866
402, 1.9899181141866
403, 1.9899181141866
404, 1.9899181141866
405, 1.9899181141866
406, 1.9899181141866
407, 1.9899181141866
408, 1.9899181141866
409, 1.9899181141866
410, 1.9899181141866
411, 1.9899181141866
412, 1.9899181141866
413, 1.9899181141866
414, 1.9899181141866
415, 1.9899181141866
416, 1.9899181141866
417, 1.9899181141866
418, 1.9899181141866
419, 1.9899181141866
420, 1.9899181141866
421, 1.9899181141866
422, 1.9899181141866
423, 1.9899181141866
424, 1.9899181141866
425, 1.9899181141866
426, 1.9899181141866
427, 1.9899181141866
428, 1.9899181141866
429, 1.9899181141866
430, 1.9899181141866
431, 1.9899181141866
432, 1.9899181141866
433, 1.9899181141866
434, 1.9899181141866
435, 1.9899181141866
436, 1.9899181141866
437, 1.9899181141866
438, 1.9899181141866
439, 1.9899181141866
440, 1.9899181141866
441, 1.9899181141866
442, 1.9899181141866
443, 1.9899181141866
444, 1.9899181141866
445, 1.9899181141866
446, 1.9899181141866
447, 1.9899181141866
448, 1.9899181141866
449, 1.9899181141866
450, 1.9899181141866
451, 1.9899181141866
452, 1.9899181141866
453, 1.9899181141866
454, 1.9899181141866
455, 1.9899181141866
456, 1.9899181141866
457, 1.9899181141866
458, 1.9899181141866
459, 1.9899181141866
460, 1.9899181141866
461, 1.9899181141866
462, 1.9899181141866
463, 1.9899181141866
464, 1.9899181141866
465, 1.9899181141866
466, 1.9899181141866
467, 1.9899181141866
468, 1.9899181141866
469, 1.9899181141866
470, 1.9899181141866
471, 1.9899181141866
472, 1.9899181141866
473, 1.9899181141866
474, 1.9899181141866
475, 1.9899181141866
476, 1.9899181141866
477, 1.9899181141866
478, 1.9899181141866
479, 1.9899181141866
480, 1.9899181141866
481, 1.9899181141866
482, 1.9899181141866
483, 1.9899181141866
484, 1.9899181141866
485, 1.9899181141866
486, 1.9899181141866
487, 1.9899181141866
488, 1.9899181141866
489, 1.9899181141866
490, 1.9899181141866
491, 1.9899181141866
492, 1.9899181141866
493, 1.9899181141866
494, 1.9899181141866
495, 1.9899181141866
496, 1.9899181141866
497, 1.9899181141866
498, 1.9899181141866
499, 1.9899181141866
500, 1.9899181141866
501, 1.9899181141866
502, 1.9899181141866
503, 1.9899181141866
504, 1.9899181141866
505, 1.9899181141866
506, 1.9899181141866
507, 1.9899181141866
508, 1.9899181141866
509, 1.9899181141866
510, 1.9899181141866
511, 1.9899181141866
512, 1.9899181141866
513, 1.9899181141866
514, 1.9899181141866
515, 1.9899181141866
516, 1.9899181141866
517, 1.9899181141866
518, 1.9899181141866
519, 1.9899181141866
520, 1.9899181141866
521, 1.9899181141866
522, 1.9899181141866
523, 1.9899181141866
524, 1.9899181141866
525, 1.9899181141866
526, 1.9899181141866
527, 1.9899181141866
528, 1.9899181141866
529, 1.9899181141866
530, 1.9899181141866
531, 1.9899181141866
532, 1.9899181141866
533, 1.9899181141866
534, 1.9899181141866
535, 1.9899181141866
536, 1.9899181141866
537, 1.9899181141866
538, 1.9899181141866
539, 1.9899181141866
540, 1.9899181141866
541, 1.9899181141866
542, 1.9899181141866
543, 1.9899181141866
544, 1.9899181141866
545, 1.9899181141866
546, 1.9899181141866
547, 1.9899181141866
548, 1.9899181141866
549, 1.9899181141866
550, 1.9899181141866
551, 1.9899181141866
552, 1.9899181141866
553, 1.9899181141866
554, 1.9899181141866
555, 1.9899181141866
556, 1.9899181141866
557, 1.9899181141866
558, 1.9899181141866
559, 1.9899181141866
560, 1.9899181141866
561, 1.9899181141866
562, 1.9899181141866
563, 1.9899181141866
564, 1.9899181141866
565, 1.9899181141866
566, 1.9899181141866
567, 1.9899181141866
568, 1.9899181141866
569, 1.9899181141866
570, 1.9899181141866
571, 1.9899181141866
572, 1.9899181141866
573, 1.9899181141866
574, 1.9899181141866
575, 1.9899181141866
576, 1.9899181141866
577, 1.9899181141866
578, 1.9899181141866
579, 1.9899181141866
580, 1.9899181141866
581, 1.9899181141866
582, 1.9899181141866
583, 1.9899181141866
584, 1.9899181141866
585, 1.9899181141866
586, 1.9899181141866
587, 1.9899181141866
588, 1.9899181141866
589, 1.9899181141866
590, 1.9899181141866
591, 1.9899181141866
592, 1.9899181141866
593, 1.9899181141866
594, 1.9899181141866
595, 1.9899181141866
596, 1.9899181141866
597, 1.9899181141866
598, 1.9899181141866
599, 1.9899181141866
600, 1.9899181141866
601, 1.9899181141866
602, 1.9899181141866
603, 1.9899181141866
604, 1.9899181141866
605, 1.9899181141866
606, 1.9899181141866
607, 1.9899181141866
608, 1.9899181141866
609, 1.9899181141866
610, 1.9899181141866
611, 1.9899181141866
612, 1.9899181141866
613, 1.9899181141866
614, 1.9899181141866
615, 1.9899181141866
616, 1.9899181141866
617, 1.9899181141866
618, 1.9899181141866
619, 1.9899181141866
620, 1.9899181141866
621, 1.9899181141866
622, 1.9899181141866
623, 1.9899181141866
624, 1.9899181141866
625, 1.9899181141866
626, 1.9899181141866
627, 1.9899181141866
628, 1.9899181141866
629, 1.9899181141866
630, 1.9899181141866
631, 1.9899181141866
632, 1.9899181141866
633, 1.9899181141866
634, 1.9899181141866
635, 1.9899181141866
636, 1.9899181141866
637, 1.9899181141866
638, 1.9899181141866
639, 1.9899181141866
640, 1.9899181141866
641, 1.9899181141866
642, 1.9899181141866
643, 1.9899181141866
644, 1.9899181141866
645, 1.9899181141866
646, 1.9899181141866
647, 1.9899181141866
648, 1.9899181141866
649, 1.9899181141866
650, 1.9899181141866
651, 1.9899181141866
652, 1.9899181141866
653, 1.9899181141866
654, 1.9899181141866
655, 1.9899181141866
656, 1.9899181141866
657, 1.9899181141866
658, 1.9899181141866
659, 1.9899181141866
660, 1.9899181141866
661, 1.9899181141866
662, 1.9899181141866
663, 1.9899181141866
664, 1.9899181141866
665, 1.9899181141866
666, 1.9899181141866
667, 1.9899181141866
668, 1.9899181141866
669, 1.9899181141866
670, 1.9899181141866
671, 1.9899181141866
672, 1.9899181141866
673, 1.9899181141866
674, 1.9899181141866
675, 1.9899181141866
676, 1.9899181141866
677, 1.9899181141866
678, 1.9899181141866
679, 1.9899181141866
680, 1.9899181141866
681, 1.9899181141866
682, 1.9899181141866
683, 1.9899181141866
684, 1.9899181141866
685, 1.9899181141866
686, 1.9899181141866
687, 1.9899181141866
688, 1.9899181141866
689, 1.9899181141866
690, 1.9899181141866
691, 1.9899181141866
692, 1.9899181141866
693, 1.9899181141866
694, 1.9899181141866
695, 1.9899181141866
696, 1.9899181141866
697, 1.9899181141866
698, 1.9899181141866
699, 1.9899181141866
700, 1.9899181141866
701, 1.9899181141866
702, 1.9899181141866
703, 1.9899181141866
704, 1.9899181141866
705, 1.9899181141866
706, 1.9899181141866
707, 1.9899181141866
708, 1.9899181141866
709, 1.9899181141866
710, 1.9899181141866
711, 1.9899181141866
712, 1.9899181141866
713, 1.9899181141866
714, 1.9899181141866
715, 1.9899181141866
716, 1.9899181141866
717, 1.9899181141866
718, 1.9899181141866
719, 1.9899181141866
720, 1.9899181141866
721, 1.9899181141866
722, 1.9899181141866
723, 1.9899181141866
724, 1.9899181141866
725, 1.9899181141866
726, 1.9899181141866
727, 1.9899181141866
728, 1.9899181141866
729, 1.9899181141866
730, 1.9899181141866
731, 1.9899181141866
732, 1.9899181141866
733, 1.9899181141866
734, 1.9899181141866
735, 1.9899181141866
736, 1.9899181141866
737, 1.9899181141866
738, 1.9899181141866
739, 1.9899181141866
740, 1.9899181141866
741, 1.9899181141866
742, 1.9899181141866
743, 1.9899181141866
744, 1.9899181141866
745, 1.9899181141866
746, 1.9899181141866
747, 1.9899181141866
748, 1.9899181141866
749, 1.9899181141866
750, 1.9899181141866
751, 1.9899181141866
752, 1.9899181141866
753, 1.9899181141866
754, 1.9899181141866
755, 1.9899181141866
756, 1.9899181141866
757, 1.9899181141866
758, 1.9899181141866
759, 1.9899181141866
760, 1.9899181141866
761, 1.9899181141866
762, 1.9899181141866
763, 1.9899181141866
764, 1.9899181141866
765, 1.9899181141866
766, 1.9899181141866
767, 1.9899181141866
768, 1.9899181141866
769, 1.9899181141866
770, 1.9899181141866
771, 1.9899181141866
772, 1.9899181141866
773, 1.9899181141866
774, 1.9899181141866
775, 1.9899181141866
776, 1.9899181141866
777, 1.9899181141866
778, 1.9899181141866
779, 1.9899181141866
780, 1.9899181141866
781, 1.9899181141866
782, 1.9899181141866
783, 1.9899181141866
784, 1.9899181141866
785, 1.9899181141866
786, 1.9899181141866
787, 1.9899181141866
788, 1.9899181141866
789, 1.9899181141866
790, 1.9899181141866
791, 1.9899181141866
792, 1.9899181141866
793, 1.9899181141866
794, 1.9899181141866
795, 1.9899181141866
796, 1.9899181141866
797, 1.9899181141866
798, 1.9899181141866
799, 1.9899181141866
800, 1.9899181141866
801, 1.9899181141866
802, 1.9899181141866
803, 1.9899181141866
804, 1.9899181141866
805, 1.9899181141866
806, 1.9899181141866
807, 1.9899181141866
808, 1.9899181141866
809, 1.9899181141866
810, 1.9899181141866
811, 1.9899181141866
812, 1.9899181141866
813, 1.9899181141866
814, 1.9899181141866
815, 1.9899181141866
816, 1.9899181141866
817, 1.9899181141866
818, 1.9899181141866
819, 1.9899181141866
820, 1.9899181141866
821, 1.9899181141866
822, 1.9899181141866
823, 1.9899181141866
824, 1.9899181141866
825, 1.9899181141866
826, 1.9899181141866
827, 1.9899181141866
828, 1.9899181141866
829, 1.9899181141866
830, 1.9899181141866
831, 1.9899181141866
832, 1.9899181141866
833, 1.9899181141866
834, 1.9899181141866
835, 1.9899181141866
836, 1.9899181141866
837, 1.9899181141866
838, 1.9899181141866
839, 1.9899181141866
840, 1.9899181141866
841, 1.9899181141866
842, 1.9899181141866
843, 1.9899181141866
844, 1.9899181141866
845, 1.9899181141866
846, 1.9899181141866
847, 1.9899181141866
848, 1.9899181141866
849, 1.9899181141866
850, 1.9899181141866
851, 1.9899181141866
852, 1.9899181141866
853, 1.9899181141866
854, 1.9899181141866
855, 1.9899181141866
856, 1.9899181141866
857, 1.9899181141866
858, 1.9899181141866
859, 1.9899181141866
860, 1.9899181141866
861, 1.9899181141866
862, 1.9899181141866
863, 1.9899181141866
864, 1.9899181141866
865, 1.9899181141866
866, 1.9899181141866
867, 1.9899181141866
868, 1.9899181141866
869, 1.9899181141866
870, 1.9899181141866
871, 1.9899181141866
872, 1.9899181141866
873, 1.9899181141866
874, 1.9899181141866
875, 1.9899181141866
876, 1.9899181141866
877, 1.9899181141866
878, 1.9899181141866
879, 1.9899181141866
880, 1.9899181141866
881, 1.9899181141866
882, 1.9899181141866
883, 1.9899181141866
884, 1.9899181141866
885, 1.9899181141866
886, 1.9899181141866
887, 1.9899181141866
888, 1.9899181141866
889, 1.9899181141866
890, 1.9899181141866
891, 1.9899181141866
892, 1.9899181141866
893, 1.9899181141866
894, 1.9899181141866
895, 1.9899181141866
896, 1.9899181141866
897, 1.9899181141866
898, 1.9899181141866
899, 1.9899181141866
900, 1.9899181141866
901, 1.9899181141866
902, 1.9899181141866
903, 1.9899181141866
904, 1.9899181141866
905, 1.9899181141866
906, 1.9899181141866
907, 1.9899181141866
908, 1.9899181141866
909, 1.9899181141866
910, 1.9899181141866
911, 1.9899181141866
912, 1.9899181141866
913, 1.9899181141866
914, 1.9899181141866
915, 1.9899181141866
916, 1.9899181141866
917, 1.9899181141866
918, 1.9899181141866
919, 1.9899181141866
920, 1.9899181141866
921, 1.9899181141866
922, 1.9899181141866
923, 1.9899181141866
924, 1.9899181141866
925, 1.9899181141866
926, 1.9899181141866
927, 1.9899181141866
928, 1.9899181141866
929, 1.9899181141866
930, 1.9899181141866
931, 1.9899181141866
932, 1.9899181141866
933, 1.9899181141866
934, 1.9899181141866
935, 1.9899181141866
936, 1.9899181141866
937, 1.9899181141866
938, 1.9899181141866
939, 1.9899181141866
940, 1.9899181141866
941, 1.9899181141866
942, 1.9899181141866
943, 1.9899181141866
944, 1.9899181141866
945, 1.9899181141866
946, 1.9899181141866
947, 1.9899181141866
948, 1.9899181141866
949, 1.9899181141866
950, 1.9899181141866
951, 1.9899181141866
952, 1.9899181141866
953, 1.9899181141866
954, 1.9899181141866
955, 1.9899181141866
956, 1.9899181141866
957, 1.9899181141866
958, 1.9899181141866
959, 1.9899181141866
960, 1.9899181141866
961, 1.9899181141866
962, 1.9899181141866
963, 1.9899181141866
964, 1.9899181141866
965, 1.9899181141866
966, 1.9899181141866
967, 1.9899181141866
968, 1.9899181141866
969, 1.9899181141866
970, 1.9899181141866
971, 1.9899181141866
972, 1.9899181141866
973, 1.9899181141866
974, 1.9899181141866
975, 1.9899181141866
976, 1.9899181141866
977, 1.9899181141866
978, 1.9899181141866
979, 1.9899181141866
980, 1.9899181141866
981, 1.9899181141866
982, 1.9899181141866
983, 1.9899181141866
984, 1.9899181141866
985, 1.9899181141866
986, 1.9899181141866
987, 1.9899181141866
988, 1.9899181141866
989, 1.9899181141866
990, 1.9899181141866
991, 1.9899181141866
992, 1.9899181141866
993, 1.9899181141866
994, 1.9899181141866
995, 1.9899181141866
996, 1.9899181141866
997, 1.9899181141866
998, 1.9899181141866
999, 1.9899181141866
1000, 1.9899181141866
1001, 1.9899181141866
1002, 1.9899181141866
1003, 1.9899181141866
1004, 1.9899181141866
1005, 1.9899181141866
1006, 1.9899181141866
1007, 1.9899181141866
1008, 1.9899181141866
1009, 1.9899181141866
1010, 1.9899181141866
1011, 1.9899181141866
1012, 1.9899181141866
1013, 1.9899181141866
1014, 1.9899181141866
1015, 1.9899181141866
1016, 1.9899181141866
1017, 1.9899181141866
1018, 1.9899181141866
1019, 1.9899181141866
1020, 1.9899181141866
1021, 1.9899181141866
1022, 1.9899181141866
1023, 1.9899181141866
1024, 1.9899181141866
1025, 1.9899181141866
1026, 1.9899181141866
1027, 1.9899181141866
1028, 1.9899181141866
1029, 1.9899181141866
1030, 1.9899181141866
1031, 1.9899181141866
1032, 1.9899181141866
1033, 1.9899181141866
1034, 1.9899181141866
1035, 1.9899181141866
1036, 1.9899181141866
1037, 1.9899181141866
1038, 1.9899181141866
1039, 1.9899181141866
1040, 1.9899181141866
1041, 1.9899181141866
1042, 1.9899181141866
1043, 1.9899181141866
1044, 1.9899181141866
1045, 1.9899181141866
1046, 1.9899181141866
1047, 1.9899181141866
1048, 1.9899181141866
1049, 1.9899181141866
1050, 1.9899181141866
1051, 1.9899181141866
1052, 1.9899181141866
1053, 1.9899181141866
1054, 1.9899181141866
1055, 1.9899181141866
1056, 1.9899181141866
1057, 1.9899181141866
1058, 1.9899181141866
1059, 1.9899181141866
1060, 1.9899181141866
1061, 1.9899181141866
1062, 1.9899181141866
1063, 1.9899181141866
1064, 1.9899181141866
1065, 1.9899181141866
1066, 1.9899181141866
1067, 1.9899181141866
1068, 1.9899181141866
1069, 1.9899181141866
1070, 1.9899181141866
1071, 1.9899181141866
1072, 1.9899181141866
1073, 1.9899181141866
1074, 1.9899181141866
1075, 1.9899181141866
1076, 1.9899181141866
1077, 1.9899181141866
1078, 1.9899181141866
1079, 1.9899181141866
1080, 1.9899181141866
1081, 1.9899181141866
1082, 1.9899181141866
1083, 1.9899181141866
1084, 1.9899181141866
1085, 1.9899181141866
1086, 1.9899181141866
1087, 1.9899181141866
1088, 1.9899181141866
1089, 1.9899181141866
1090, 1.9899181141866
1091, 1.9899181141866
1092, 1.9899181141866
1093, 1.9899181141866
1094, 1.9899181141866
1095, 1.9899181141866
1096, 1.9899181141866
1097, 1.9899181141866
1098, 1.9899181141866
1099, 1.9899181141866
1100, 1.9899181141866
1101, 1.9899181141866
1102, 1.9899181141866
1103, 1.9899181141866
1104, 1.9899181141866
1105, 1.9899181141866
1106, 1.9899181141866
1107, 1.9899181141866
1108, 1.9899181141866
1109, 1.9899181141866
1110, 1.9899181141866
1111, 1.9899181141866
1112, 1.9899181141866
1113, 1.9899181141866
1114, 1.9899181141866
1115, 1.9899181141866
1116, 1.9899181141866
1117, 1.9899181141866
1118, 1.9899181141866
1119, 1.9899181141866
1120, 1.9899181141866
1121, 1.9899181141866
1122, 1.9899181141866
1123, 1.9899181141866
1124, 1.9899181141866
1125, 1.9899181141866
1126, 1.9899181141866
1127, 1.9899181141866
1128, 1.9899181141866
1129, 1.9899181141866
1130, 1.9899181141866
1131, 1.9899181141866
1132, 1.9899181141866
1133, 1.9899181141866
1134, 1.9899181141866
1135, 1.9899181141866
1136, 1.9899181141866
1137, 1.9899181141866
1138, 1.9899181141866
1139, 1.9899181141866
1140, 1.9899181141866
1141, 1.9899181141866
1142, 1.9899181141866
1143, 1.9899181141866
1144, 1.9899181141866
1145, 1.9899181141866
1146, 1.9899181141866
1147, 1.9899181141866
1148, 1.9899181141866
1149, 1.9899181141866
1150, 1.9899181141866
1151, 1.9899181141866
1152, 1.9899181141866
1153, 1.9899181141866
1154, 1.9899181141866
1155, 1.9899181141866
1156, 1.9899181141866
1157, 1.9899181141866
1158, 1.9899181141866
1159, 1.9899181141866
1160, 1.9899181141866
1161, 1.9899181141866
1162, 1.9899181141866
1163, 1.9899181141866
1164, 1.9899181141866
1165, 1.9899181141866
1166, 1.9899181141866
1167, 1.9899181141866
1168, 1.9899181141866
1169, 1.9899181141866
1170, 1.9899181141866
1171, 1.9899181141866
1172, 1.9899181141866
1173, 1.9899181141866
1174, 1.9899181141866
1175, 1.9899181141866
1176, 1.9899181141866
1177, 1.9899181141866
1178, 1.9899181141866
1179, 1.9899181141866
1180, 1.9899181141866
1181, 1.9899181141866
1182, 1.9899181141866
1183, 1.9899181141866
1184, 1.9899181141866
1185, 1.9899181141866
1186, 1.9899181141866
1187, 1.9899181141866
1188, 1.9899181141866
1189, 1.9899181141866
1190, 1.9899181141866
1191, 1.9899181141866
1192, 1.9899181141866
1193, 1.9899181141866
1194, 1.9899181141866
1195, 1.9899181141866
1196, 1.9899181141866
1197, 1.9899181141866
1198, 1.9899181141866
1199, 1.9899181141866
1200, 1.9899181141866
1201, 1.9899181141866
1202, 1.9899181141866
1203, 1.9899181141866
1204, 1.9899181141866
1205, 1.9899181141866
1206, 1.9899181141866
1207, 1.9899181141866
1208, 1.9899181141866
1209, 1.9899181141866
1210, 1.9899181141866
1211, 1.9899181141866
1212, 1.9899181141866
1213, 1.9899181141866
1214, 1.9899181141866
1215, 1.9899181141866
1216, 1.9899181141866
1217, 1.9899181141866
1218, 1.9899181141866
1219, 1.9899181141866
1220, 1.9899181141866
1221, 1.9899181141866
1222, 1.9899181141866
1223, 1.9899181141866
1224, 1.9899181141866
1225, 1.9899181141866
1226, 1.9899181141866
1227, 1.9899181141866
1228, 1.9899181141866
1229, 1.9899181141866
1230, 1.9899181141866
1231, 1.9899181141866
1232, 1.9899181141866
1233, 1.9899181141866
1234, 1.9899181141866
1235, 1.9899181141866
1236, 1.9899181141866
1237, 1.9899181141866
1238, 1.9899181141866
1239, 1.9899181141866
1240, 1.9899181141866
1241, 1.9899181141866
1242, 1.9899181141866
1243, 1.9899181141866
1244, 1.9899181141866
1245, 1.9899181141866
1246, 1.9899181141866
1247, 1.9899181141866
1248, 1.9899181141866
1249, 1.9899181141866
1250, 1.9899181141866
1251, 1.9899181141866
1252, 1.9899181141866
1253, 1.9899181141866
1254, 1.9899181141866
1255, 1.9899181141866
1256, 1.9899181141866
1257, 1.9899181141866
1258, 1.9899181141866
1259, 1.9899181141866
1260, 1.9899181141866
1261, 1.9899181141866
1262, 1.9899181141866
1263, 1.9899181141866
1264, 1.9899181141866
1265, 1.9899181141866
1266, 1.9899181141866
1267, 1.9899181141866
1268, 1.9899181141866
1269, 1.9899181141866
1270, 1.9899181141866
1271, 1.9899181141866
1272, 1.9899181141866
1273, 1.9899181141866
1274, 1.9899181141866
1275, 1.9899181141866
1276, 1.9899181141866
1277, 1.9899181141866
1278, 1.9899181141866
1279, 1.9899181141866
1280, 1.9899181141866
1281, 1.9899181141866
1282, 1.9899181141866
1283, 1.9899181141866
1284, 1.9899181141866
1285, 1.9899181141866
1286, 1.9899181141866
1287, 1.9899181141866
1288, 1.9899181141866
1289, 1.9899181141866
1290, 1.9899181141866
1291, 1.9899181141866
1292, 1.9899181141866
1293, 1.9899181141866
1294, 1.9899181141866
1295, 1.9899181141866
1296, 1.9899181141866
1297, 1.9899181141866
1298, 1.9899181141866
1299, 1.9899181141866
1300, 1.9899181141866
1301, 1.9899181141866
1302, 1.9899181141866
1303, 1.9899181141866
1304, 1.9899181141866
1305, 1.9899181141866
1306, 1.9899181141866
1307, 1.9899181141866
1308, 1.9899181141866
1309, 1.9899181141866
1310, 1.9899181141866
1311, 1.9899181141866
1312, 1.9899181141866
1313, 1.9899181141866
1314, 1.9899181141866
1315, 1.9899181141866
1316, 1.9899181141866
1317, 1.9899181141866
1318, 1.9899181141866
1319, 1.9899181141866
1320, 1.9899181141866
1321, 1.9899181141866
1322, 1.9899181141866
1323, 1.9899181141866
1324, 1.9899181141866
1325, 1.9899181141866
1326, 1.9899181141866
1327, 1.9899181141866
1328, 1.9899181141866
1329, 1.9899181141866
1330, 1.9899181141866
1331, 1.9899181141866
1332, 1.9899181141866
1333, 1.9899181141866
1334, 1.9899181141866
1335, 1.9899181141866
1336, 1.9899181141866
1337, 1.9899181141866
1338, 1.9899181141866
1339, 1.9899181141866
1340, 1.9899181141866
1341, 1.9899181141866
1342, 1.9899181141866
1343, 1.9899181141866
1344, 1.9899181141866
1345, 1.9899181141866
1346, 1.9899181141866
1347, 1.9899181141866
1348, 1.9899181141866
1349, 1.9899181141866
1350, 1.9899181141866
1351, 1.9899181141866
1352, 1.9899181141866
1353, 1.9899181141866
1354, 1.9899181141866
1355, 1.9899181141866
1356, 1.9899181141866
1357, 1.9899181141866
1358, 1.9899181141866
1359, 1.9899181141866
1360, 1.9899181141866
1361, 1.9899181141866
1362, 1.9899181141866
1363, 1.9899181141866
1364, 1.9899181141866
1365, 1.9899181141866
1366, 1.9899181141866
1367, 1.9899181141866
1368, 1.9899181141866
1369, 1.9899181141866
1370, 1.9899181141866
1371, 1.9899181141866
1372, 1.9899181141866
1373, 1.9899181141866
1374, 1.9899181141866
1375, 1.9899181141866
1376, 1.9899181141866
1377, 1.9899181141866
1378, 1.9899181141866
1379, 1.9899181141866
1380, 1.9899181141866
1381, 1.9899181141866
1382, 1.9899181141866
1383, 1.9899181141866
1384, 1.9899181141866
1385, 1.9899181141866
1386, 1.9899181141866
1387, 1.9899181141866
1388, 1.9899181141866
1389, 1.9899181141866
1390, 1.9899181141866
1391, 1.9899181141866
1392, 1.9899181141866
1393, 1.9899181141866
1394, 1.9899181141866
1395, 1.9899181141866
1396, 1.9899181141866
1397, 1.9899181141866
1398, 1.9899181141866
1399, 1.9899181141866
1400, 1.9899181141866
1401, 1.9899181141866
1402, 1.9899181141866
1403, 1.9899181141866
1404, 1.9899181141866
1405, 1.9899181141866
1406, 1.9899181141866
1407, 1.9899181141866
1408, 1.9899181141866
1409, 1.9899181141866
1410, 1.9899181141866
1411, 1.9899181141866
1412, 1.9899181141866
1413, 1.9899181141866
1414, 1.9899181141866
1415, 1.9899181141866
1416, 1.9899181141866
1417, 1.9899181141866
1418, 1.9899181141866
1419, 1.9899181141866
1420, 1.9899181141866
1421, 1.9899181141866
1422, 1.9899181141866
1423, 1.9899181141866
1424, 1.9899181141866
1425, 1.9899181141866
1426, 1.9899181141866
1427, 1.9899181141866
1428, 1.9899181141866
1429, 1.9899181141866
1430, 1.9899181141866
1431, 1.9899181141866
1432, 1.9899181141866
1433, 1.9899181141866
1434, 1.9899181141866
1435, 1.9899181141866
1436, 1.9899181141866
1437, 1.9899181141866
1438, 1.9899181141866
1439, 1.9899181141866
1440, 1.9899181141866
1441, 1.9899181141866
1442, 1.9899181141866
1443, 1.9899181141866
1444, 1.9899181141866
1445, 1.9899181141866
1446, 1.9899181141866
1447, 1.9899181141866
1448, 1.9899181141866
1449, 1.9899181141866
1450, 1.9899181141866
1451, 1.9899181141866
1452, 1.9899181141866
1453, 1.9899181141866
1454, 1.9899181141866
1455, 1.9899181141866
1456, 1.9899181141866
1457, 1.9899181141866
1458, 1.9899181141866
1459, 1.9899181141866
1460, 1.9899181141866
1461, 1.9899181141866
1462, 1.9899181141866
1463, 1.9899181141866
1464, 1.9899181141866
1465, 1.9899181141866
1466, 1.9899181141866
1467, 1.9899181141866
1468, 1.9899181141866
1469, 1.9899181141866
1470, 1.9899181141866
1471, 1.9899181141866
1472, 1.9899181141866
1473, 1.9899181141866
1474, 1.9899181141866
1475, 1.9899181141866
1476, 1.9899181141866
1477, 1.9899181141866
1478, 1.9899181141866
1479, 1.9899181141866
1480, 1.9899181141866
1481, 1.9899181141866
1482, 1.9899181141866
1483, 1.9899181141866
1484, 1.9899181141866
1485, 1.9899181141866
1486, 1.9899181141866
1487, 1.9899181141866
1488, 1.9899181141866
1489, 1.9899181141866
1490, 1.9899181141866
1491, 1.9899181141866
1492, 1.9899181141866
1493, 1.9899181141866
1494, 1.9899181141866
1495, 1.9899181141866
1496, 1.9899181141866
1497, 1.9899181141866
1498, 1.9899181141866
1499, 1.9899181141866
1500, 1.9899181141866
1501, 1.9899181141866
1502, 1.9899181141866
1503, 1.9899181141866
1504, 1.9899181141866
1505, 1.9899181141866
1506, 1.9899181141866
1507, 1.9899181141866
1508, 1.9899181141866
1509, 1.9899181141866
1510, 1.9899181141866
1511, 1.9899181141866
1512, 1.9899181141866
1513, 1.9899181141866
1514, 1.9899181141866
1515, 1.9899181141866
1516, 1.9899181141866
1517, 1.9899181141866
1518, 1.9899181141866
1519, 1.9899181141866
1520, 1.9899181141866
1521, 1.9899181141866
1522, 1.9899181141866
1523, 1.9899181141866
1524, 1.9899181141866
1525, 1.9899181141866
1526, 1.9899181141866
1527, 1.9899181141866
1528, 1.9899181141866
1529, 1.9899181141866
1530, 1.9899181141866
1531, 1.9899181141866
1532, 1.9899181141866
1533, 1.9899181141866
1534, 1.9899181141866
1535, 1.9899181141866
1536, 1.9899181141866
1537, 1.9899181141866
1538, 1.9899181141866
1539, 1.9899181141866
1540, 1.9899181141866
1541, 1.9899181141866
1542, 1.9899181141866
1543, 1.9899181141866
1544, 1.9899181141866
1545, 1.9899181141866
1546, 1.9899181141866
1547, 1.9899181141866
1548, 1.9899181141866
1549, 1.9899181141866
1550, 1.9899181141866
1551, 1.9899181141866
1552, 1.9899181141866
1553, 1.9899181141866
1554, 1.9899181141866
1555, 1.9899181141866
1556, 1.9899181141866
1557, 1.9899181141866
1558, 1.9899181141866
1559, 1.9899181141866
1560, 1.9899181141866
1561, 1.9899181141866
1562, 1.9899181141866
1563, 1.9899181141866
1564, 1.9899181141866
1565, 1.9899181141866
1566, 1.9899181141866
1567, 1.9899181141866
1568, 1.9899181141866
1569, 1.9899181141866
1570, 1.9899181141866
1571, 1.9899181141866
1572, 1.9899181141866
1573, 1.9899181141866
1574, 1.9899181141866
1575, 1.9899181141866
1576, 1.9899181141866
1577, 1.9899181141866
1578, 1.9899181141866
1579, 1.9899181141866
1580, 1.9899181141866
1581, 1.9899181141866
1582, 1.9899181141866
1583, 1.9899181141866
1584, 1.9899181141866
1585, 1.9899181141866
1586, 1.9899181141866
1587, 1.9899181141866
1588, 1.9899181141866
1589, 1.9899181141866
1590, 1.9899181141866
1591, 1.9899181141866
1592, 1.9899181141866
1593, 1.9899181141866
1594, 1.9899181141866
1595, 1.9899181141866
1596, 1.9899181141866
1597, 1.9899181141866
1598, 1.9899181141866
1599, 1.9899181141866
1600, 1.9899181141866
1601, 1.9899181141866
1602, 1.9899181141866
1603, 1.9899181141866
1604, 1.9899181141866
1605, 1.9899181141866
1606, 1.9899181141866
1607, 1.9899181141866
1608, 1.9899181141866
1609, 1.9899181141866
1610, 1.9899181141866
1611, 1.9899181141866
1612, 1.9899181141866
1613, 1.9899181141866
1614, 1.9899181141866
1615, 1.9899181141866
1616, 1.9899181141866
1617, 1.9899181141866
1618, 1.9899181141866
1619, 1.9899181141866
1620, 1.9899181141866
1621, 1.9899181141866
1622, 1.9899181141866
1623, 1.9899181141866
1624, 1.9899181141866
1625, 1.9899181141866
1626, 1.9899181141866
1627, 1.9899181141866
1628, 1.9899181141866
1629, 1.9899181141866
1630, 1.9899181141866
1631, 1.9899181141866
1632, 1.9899181141866
1633, 1.9899181141866
1634, 1.9899181141866
1635, 1.9899181141866
1636, 1.9899181141866
1637, 1.9899181141866
1638, 1.9899181141866
1639, 1.9899181141866
1640, 1.9899181141866
1641, 1.9899181141866
1642, 1.9899181141866
1643, 1.9899181141866
1644, 1.9899181141866
1645, 1.9899181141866
1646, 1.9899181141866
1647, 1.9899181141866
1648, 1.9899181141866
1649, 1.9899181141866
1650, 1.9899181141866
1651, 1.9899181141866
1652, 1.9899181141866
1653, 1.9899181141866
1654, 1.9899181141866
1655, 1.9899181141866
1656, 1.9899181141866
1657, 1.9899181141866
1658, 1.9899181141866
1659, 1.9899181141866
1660, 1.9899181141866
1661, 1.9899181141866
1662, 1.9899181141866
1663, 1.9899181141866
1664, 1.9899181141866
1665, 1.9899181141866
1666, 1.9899181141866
1667, 1.9899181141866
1668, 1.9899181141866
1669, 1.9899181141866
1670, 1.9899181141866
1671, 1.9899181141866
1672, 1.9899181141866
1673, 1.9899181141866
1674, 1.9899181141866
1675, 1.9899181141866
1676, 1.9899181141866
1677, 1.9899181141866
1678, 1.9899181141866
1679, 1.9899181141866
1680, 1.9899181141866
1681, 1.9899181141866
1682, 1.9899181141866
1683, 1.9899181141866
1684, 1.9899181141866
1685, 1.9899181141866
1686, 1.9899181141866
1687, 1.9899181141866
1688, 1.9899181141866
1689, 1.9899181141866
1690, 1.9899181141866
1691, 1.9899181141866
1692, 1.9899181141866
1693, 1.9899181141866
1694, 1.9899181141866
1695, 1.9899181141866
1696, 1.9899181141866
1697, 1.9899181141866
1698, 1.9899181141866
1699, 1.9899181141866
1700, 1.9899181141866
1701, 1.9899181141866
1702, 1.9899181141866
1703, 1.9899181141866
1704, 1.9899181141866
1705, 1.9899181141866
1706, 1.9899181141866
1707, 1.9899181141866
1708, 1.9899181141866
1709, 1.9899181141866
1710, 1.9899181141866
1711, 1.9899181141866
1712, 1.9899181141866
1713, 1.9899181141866
1714, 1.9899181141866
1715, 1.9899181141866
1716, 1.9899181141866
1717, 1.9899181141866
1718, 1.9899181141866
1719, 1.9899181141866
1720, 1.9899181141866
1721, 1.9899181141866
1722, 1.9899181141866
1723, 1.9899181141866
1724, 1.9899181141866
1725, 1.9899181141866
1726, 1.9899181141866
1727, 1.9899181141866
1728, 1.9899181141866
1729, 1.9899181141866
1730, 1.9899181141866
1731, 1.9899181141866
1732, 1.9899181141866
1733, 1.9899181141866
1734, 1.9899181141866
1735, 1.9899181141866
1736, 1.9899181141866
1737, 1.9899181141866
1738, 1.9899181141866
1739, 1.9899181141866
1740, 1.9899181141866
1741, 1.9899181141866
1742, 1.9899181141866
1743, 1.9899181141866
1744, 1.9899181141866
1745, 1.9899181141866
1746, 1.9899181141866
1747, 1.9899181141866
1748, 1.9899181141866
1749, 1.9899181141866
1750, 1.9899181141866
1751, 1.9899181141866
1752, 1.9899181141866
1753, 1.9899181141866
1754, 1.9899181141866
1755, 1.9899181141866
1756, 1.9899181141866
1757, 1.9899181141866
1758, 1.9899181141866
1759, 1.9899181141866
1760, 1.9899181141866
1761, 1.9899181141866
1762, 1.9899181141866
1763, 1.9899181141866
1764, 1.9899181141866
1765, 1.9899181141866
1766, 1.9899181141866
1767, 1.9899181141866
1768, 1.9899181141866
1769, 1.9899181141866
1770, 1.9899181141866
1771, 1.9899181141866
1772, 1.9899181141866
1773, 1.9899181141866
1774, 1.9899181141866
1775, 1.9899181141866
1776, 1.9899181141866
1777, 1.9899181141866
1778, 1.9899181141866
1779, 1.9899181141866
1780, 1.9899181141866
1781, 1.9899181141866
1782, 1.9899181141866
1783, 1.9899181141866
1784, 1.9899181141866
1785, 1.9899181141866
1786, 1.9899181141866
1787, 1.9899181141866
1788, 1.9899181141866
1789, 1.9899181141866
1790, 1.9899181141866
1791, 1.9899181141866
1792, 1.9899181141866
1793, 1.9899181141866
1794, 1.9899181141866
1795, 1.9899181141866
1796, 1.9899181141866
1797, 1.9899181141866
1798, 1.9899181141866
1799, 1.9899181141866
1800, 1.9899181141866
1801, 1.9899181141866
1802, 1.9899181141866
1803, 1.9899181141866
1804, 1.9899181141866
1805, 1.9899181141866
1806, 1.9899181141866
1807, 1.9899181141866
1808, 1.9899181141866
1809, 1.9899181141866
1810, 1.9899181141866
1811, 1.9899181141866
1812, 1.9899181141866
1813, 1.9899181141866
1814, 1.9899181141866
1815, 1.9899181141866
1816, 1.9899181141866
1817, 1.9899181141866
1818, 1.9899181141866
1819, 1.9899181141866
1820, 1.9899181141866
1821, 1.9899181141866
1822, 1.9899181141866
1823, 1.9899181141866
1824, 1.9899181141866
1825, 1.9899181141866
1826, 1.9899181141866
1827, 1.9899181141866
1828, 1.9899181141866
1829, 1.9899181141866
1830, 1.9899181141866
1831, 1.9899181141866
1832, 1.9899181141866
1833, 1.9899181141866
1834, 1.9899181141866
1835, 1.9899181141866
1836, 1.9899181141866
1837, 1.9899181141866
1838, 1.9899181141866
1839, 1.9899181141866
1840, 1.9899181141866
1841, 1.9899181141866
1842, 1.9899181141866
1843, 1.9899181141866
1844, 1.9899181141866
1845, 1.9899181141866
1846, 1.9899181141866
1847, 1.9899181141866
1848, 1.9899181141866
1849, 1.9899181141866
1850, 1.9899181141866
1851, 1.9899181141866
1852, 1.9899181141866
1853, 1.9899181141866
1854, 1.9899181141866
1855, 1.9899181141866
1856, 1.9899181141866
1857, 1.9899181141866
1858, 1.9899181141866
1859, 1.9899181141866
1860, 1.9899181141866
1861, 1.9899181141866
1862, 1.9899181141866
1863, 1.9899181141866
1864, 1.9899181141866
1865, 1.9899181141866
1866, 1.9899181141866
1867, 1.9899181141866
1868, 1.9899181141866
1869, 1.9899181141866
1870, 1.9899181141866
1871, 1.9899181141866
1872, 1.9899181141866
1873, 1.9899181141866
1874, 1.9899181141866
1875, 1.9899181141866
1876, 1.9899181141866
1877, 1.9899181141866
1878, 1.9899181141866
1879, 1.9899181141866
1880, 1.9899181141866
1881, 1.9899181141866
1882, 1.9899181141866
1883, 1.9899181141866
1884, 1.9899181141866
1885, 1.9899181141866
1886, 1.9899181141866
1887, 1.9899181141866
1888, 1.9899181141866
1889, 1.9899181141866
1890, 1.9899181141866
1891, 1.9899181141866
1892, 1.9899181141866
1893, 1.9899181141866
1894, 1.9899181141866
1895, 1.9899181141866
1896, 1.9899181141866
1897, 1.9899181141866
1898, 1.9899181141866
1899, 1.9899181141866
1900, 1.9899181141866
1901, 1.9899181141866
1902, 1.9899181141866
1903, 1.9899181141866
1904, 1.9899181141866
1905, 1.9899181141866
1906, 1.9899181141866
1907, 1.9899181141866
1908, 1.9899181141866
1909, 1.9899181141866
1910, 1.9899181141866
1911, 1.9899181141866
1912, 1.9899181141866
1913, 1.9899181141866
1914, 1.9899181141866
1915, 1.9899181141866
1916, 1.9899181141866
1917, 1.9899181141866
1918, 1.9899181141866
1919, 1.9899181141866
1920, 1.9899181141866
1921, 1.9899181141866
1922, 1.9899181141866
1923, 1.9899181141866
1924, 1.9899181141866
1925, 1.9899181141866
1926, 1.9899181141866
1927, 1.9899181141866
1928, 1.9899181141866
1929, 1.9899181141866
1930, 1.9899181141866
1931, 1.9899181141866
1932, 1.9899181141866
1933, 1.9899181141866
1934, 1.9899181141866
1935, 1.9899181141866
1936, 1.9899181141866
1937, 1.9899181141866
1938, 1.9899181141866
1939, 1.9899181141866
1940, 1.9899181141866
1941, 1.9899181141866
1942, 1.9899181141866
1943, 1.9899181141866
1944, 1.9899181141866
1945, 1.9899181141866
1946, 1.9899181141866
1947, 1.9899181141866
1948, 1.9899181141866
1949, 1.9899181141866
1950, 1.9899181141866
1951, 1.9899181141866
1952, 1.9899181141866
1953, 1.9899181141866
1954, 1.9899181141866
1955, 1.9899181141866
1956, 1.9899181141866
1957, 1.9899181141866
1958, 1.9899181141866
1959, 1.9899181141866
1960, 1.9899181141866
1961, 1.9899181141866
1962, 1.9899181141866
1963, 1.9899181141866
1964, 1.9899181141866
1965, 1.9899181141866
1966, 1.9899181141866
1967, 1.9899181141866
1968, 1.9899181141866
1969, 1.9899181141866
1970, 1.9899181141866
1971, 1.9899181141866
1972, 1.9899181141866
1973, 1.9899181141866
1974, 1.9899181141866
1975, 1.9899181141866
1976, 1.9899181141866
1977, 1.9899181141866
1978, 1.9899181141866
1979, 1.9899181141866
1980, 1.9899181141866
1981, 1.9899181141866
1982, 1.9899181141866
1983, 1.9899181141866
1984, 1.9899181141866
1985, 1.9899181141866
1986, 1.9899181141866
1987, 1.9899181141866
1988, 1.9899181141866
1989, 1.9899181141866
1990, 1.9899181141866
1991, 1.9899181141866
1992, 1.9899181141866
1993, 1.9899181141866
1994, 1.9899181141866
1995, 1.9899181141866
1996, 1.9899181141866
1997, 1.9899181141866
1998, 1.9899181141866
1999, 1.9899181141866
2000, 1.9899181141866
2001, 1.9899181141866
2002, 1.9899181141866
2003, 1.9899181141866
2004, 1.9899181141866
2005, 1.9899181141866
2006, 1.9899181141866
2007, 1.9899181141866
2008, 1.9899181141866
2009, 1.9899181141866
2010, 1.9899181141866
2011, 1.9899181141866
2012, 1.9899181141866
2013, 1.9899181141866
2014, 1.9899181141866
2015, 1.9899181141866
2016, 1.9899181141866
2017, 1.9899181141866
2018, 1.9899181141866
2019, 1.9899181141866
2020, 1.9899181141866
2021, 1.9899181141866
2022, 1.9899181141866
2023, 1.9899181141866
2024, 1.9899181141866
2025, 1.9899181141866
2026, 1.9899181141866
2027, 1.9899181141866
2028, 1.9899181141866
2029, 1.9899181141866
2030, 1.9899181141866
2031, 1.9899181141866
2032, 1.9899181141866
2033, 1.9899181141866
2034, 1.9899181141866
2035, 1.9899181141866
2036, 1.9899181141866
2037, 1.9899181141866
2038, 1.9899181141866
2039, 1.9899181141866
2040, 1.9899181141866
2041, 1.9899181141866
2042, 1.9899181141866
2043, 1.9899181141866
2044, 1.9899181141866
2045, 1.9899181141866
2046, 1.9899181141866
2047, 1.9899181141866
2048, 1.9899181141866
2049, 1.9899181141866
2050, 1.9899181141866
2051, 1.9899181141866
2052, 1.9899181141866
2053, 1.9899181141866
2054, 1.9899181141866
2055, 1.9899181141866
2056, 1.9899181141866
2057, 1.9899181141866
2058, 1.9899181141866
2059, 1.9899181141866
2060, 1.9899181141866
2061, 1.9899181141866
2062, 1.9899181141866
2063, 1.9899181141866
2064, 1.9899181141866
2065, 1.9899181141866
2066, 1.9899181141866
2067, 1.9899181141866
2068, 1.9899181141866
2069, 1.9899181141866
2070, 1.9899181141866
2071, 1.9899181141866
2072, 1.9899181141866
2073, 1.9899181141866
2074, 1.9899181141866
2075, 1.9899181141866
2076, 1.9899181141866
2077, 1.9899181141866
2078, 1.9899181141866
2079, 1.9899181141866
2080, 1.9899181141866
2081, 1.9899181141866
2082, 1.9899181141866
2083, 1.9899181141866
2084, 1.9899181141866
2085, 1.9899181141866
2086, 1.9899181141866
2087, 1.9899181141866
2088, 1.9899181141866
2089, 1.9899181141866
2090, 1.9899181141866
2091, 1.9899181141866
2092, 1.9899181141866
2093, 1.9899181141866
2094, 1.9899181141866
2095, 1.9899181141866
2096, 1.9899181141866
2097, 1.9899181141866
2098, 1.9899181141866
2099, 1.9899181141866
2100, 1.9899181141866
2101, 1.9899181141866
2102, 1.9899181141866
2103, 1.9899181141866
2104, 1.9899181141866
2105, 1.9899181141866
2106, 1.9899181141866
2107, 1.9899181141866
2108, 1.9899181141866
2109, 1.9899181141866
2110, 1.9899181141866
2111, 1.9899181141866
2112, 1.9899181141866
2113, 1.9899181141866
2114, 1.9899181141866
2115, 1.9899181141866
2116, 1.9899181141866
2117, 1.9899181141866
2118, 1.9899181141866
2119, 1.9899181141866
2120, 1.9899181141866
2121, 1.9899181141866
2122, 1.9899181141866
2123, 1.9899181141866
2124, 1.9899181141866
2125, 1.9899181141866
2126, 1.9899181141866
2127, 1.9899181141866
2128, 1.9899181141866
2129, 1.9899181141866
2130, 1.9899181141866
2131, 1.9899181141866
2132, 1.9899181141866
2133, 1.9899181141866
2134, 1.9899181141866
2135, 1.9899181141866
2136, 1.9899181141866
2137, 1.9899181141866
2138, 1.9899181141866
2139, 1.9899181141866
2140, 1.9899181141866
2141, 1.9899181141866
2142, 1.9899181141866
2143, 1.9899181141866
2144, 1.9899181141866
2145, 1.9899181141866
2146, 1.9899181141866
2147, 1.9899181141866
2148, 1.9899181141866
2149, 1.9899181141866
2150, 1.9899181141866
2151, 1.9899181141866
2152, 1.9899181141866
2153, 1.9899181141866
2154, 1.9899181141866
2155, 1.9899181141866
2156, 1.9899181141866
2157, 1.9899181141866
2158, 1.9899181141866
2159, 1.9899181141866
2160, 1.9899181141866
2161, 1.9899181141866
2162, 1.9899181141866
2163, 1.9899181141866
2164, 1.9899181141866
2165, 1.9899181141866
2166, 1.9899181141866
2167, 1.9899181141866
2168, 1.9899181141866
2169, 1.9899181141866
2170, 1.9899181141866
2171, 1.9899181141866
2172, 1.9899181141866
2173, 1.9899181141866
2174, 1.9899181141866
2175, 1.9899181141866
2176, 1.9899181141866
2177, 1.9899181141866
2178, 1.9899181141866
2179, 1.9899181141866
2180, 1.9899181141866
2181, 1.9899181141866
2182, 1.9899181141866
2183, 1.9899181141866
2184, 1.9899181141866
2185, 1.9899181141866
2186, 1.9899181141866
2187, 1.9899181141866
2188, 1.9899181141866
2189, 1.9899181141866
2190, 1.9899181141866
2191, 1.9899181141866
2192, 1.9899181141866
2193, 1.9899181141866
2194, 1.9899181141866
2195, 1.9899181141866
2196, 1.9899181141866
2197, 1.9899181141866
2198, 1.9899181141866
2199, 1.9899181141866
2200, 1.9899181141866
2201, 1.9899181141866
2202, 1.9899181141866
2203, 1.9899181141866
2204, 1.9899181141866
2205, 1.9899181141866
2206, 1.9899181141866
2207, 1.9899181141866
2208, 1.9899181141866
2209, 1.9899181141866
2210, 1.9899181141866
2211, 1.9899181141866
2212, 1.9899181141866
2213, 1.9899181141866
2214, 1.9899181141866
2215, 1.9899181141866
2216, 1.9899181141866
2217, 1.9899181141866
2218, 1.9899181141866
2219, 1.9899181141866
2220, 1.9899181141866
2221, 1.9899181141866
2222, 1.9899181141866
2223, 1.9899181141866
2224, 1.9899181141866
2225, 1.9899181141866
2226, 1.9899181141866
2227, 1.9899181141866
2228, 1.9899181141866
2229, 1.9899181141866
2230, 1.9899181141866
2231, 1.9899181141866
2232, 1.9899181141866
2233, 1.9899181141866
2234, 1.9899181141866
2235, 1.9899181141866
2236, 1.9899181141866
2237, 1.9899181141866
2238, 1.9899181141866
2239, 1.9899181141866
2240, 1.9899181141866
2241, 1.9899181141866
2242, 1.9899181141866
2243, 1.9899181141866
2244, 1.9899181141866
2245, 1.9899181141866
2246, 1.9899181141866
2247, 1.9899181141866
2248, 1.9899181141866
2249, 1.9899181141866
2250, 1.9899181141866
2251, 1.9899181141866
2252, 1.9899181141866
2253, 1.9899181141866
2254, 1.9899181141866
2255, 1.9899181141866
2256, 1.9899181141866
2257, 1.9899181141866
2258, 1.9899181141866
2259, 1.9899181141866
2260, 1.9899181141866
2261, 1.9899181141866
2262, 1.9899181141866
2263, 1.9899181141866
2264, 1.9899181141866
2265, 1.9899181141866
2266, 1.9899181141866
2267, 1.9899181141866
2268, 1.9899181141866
2269, 1.9899181141866
2270, 1.9899181141866
2271, 1.9899181141866
2272, 1.9899181141866
2273, 1.9899181141866
2274, 1.9899181141866
2275, 1.9899181141866
2276, 1.9899181141866
2277, 1.9899181141866
2278, 1.9899181141866
2279, 1.9899181141866
2280, 1.9899181141866
2281, 1.9899181141866
2282, 1.9899181141866
2283, 1.9899181141866
2284, 1.9899181141866
2285, 1.9899181141866
2286, 1.9899181141866
2287, 1.9899181141866
2288, 1.9899181141866
2289, 1.9899181141866
2290, 1.9899181141866
2291, 1.9899181141866
2292, 1.9899181141866
2293, 1.9899181141866
2294, 1.9899181141866
2295, 1.9899181141866
2296, 1.9899181141866
2297, 1.9899181141866
2298, 1.9899181141866
2299, 1.9899181141866
2300, 1.9899181141866
2301, 1.9899181141866
2302, 1.9899181141866
2303, 1.9899181141866
2304, 1.9899181141866
2305, 1.9899181141866
2306, 1.9899181141866
2307, 1.9899181141866
2308, 1.9899181141866
2309, 1.9899181141866
2310, 1.9899181141866
2311, 1.9899181141866
2312, 1.9899181141866
2313, 1.9899181141866
2314, 1.9899181141866
2315, 1.9899181141866
2316, 1.9899181141866
2317, 1.9899181141866
2318, 1.9899181141866
2319, 1.9899181141866
2320, 1.9899181141866
2321, 1.9899181141866
2322, 1.9899181141866
2323, 1.9899181141866
2324, 1.9899181141866
2325, 1.9899181141866
2326, 1.9899181141866
2327, 1.9899181141866
2328, 1.9899181141866
2329, 1.9899181141866
2330, 1.9899181141866
2331, 1.9899181141866
2332, 1.9899181141866
2333, 1.9899181141866
2334, 1.9899181141866
2335, 1.9899181141866
2336, 1.9899181141866
2337, 1.9899181141866
2338, 1.9899181141866
2339, 1.9899181141866
2340, 1.9899181141866
2341, 1.9899181141866
2342, 1.9899181141866
2343, 1.9899181141866
2344, 1.9899181141866
2345, 1.9899181141866
2346, 1.9899181141866
2347, 1.9899181141866
2348, 1.9899181141866
2349, 1.9899181141866
2350, 1.9899181141866
2351, 1.9899181141866
2352, 1.9899181141866
2353, 1.9899181141866
2354, 1.9899181141866
2355, 1.9899181141866
2356, 1.9899181141866
2357, 1.9899181141866
2358, 1.9899181141866
2359, 1.9899181141866
2360, 1.9899181141866
2361, 1.9899181141866
2362, 1.9899181141866
2363, 1.9899181141866
2364, 1.9899181141866
2365, 1.9899181141866
2366, 1.9899181141866
2367, 1.9899181141866
2368, 1.9899181141866
2369, 1.9899181141866
2370, 1.9899181141866
2371, 1.9899181141866
2372, 1.9899181141866
2373, 1.9899181141866
2374, 1.9899181141866
2375, 1.9899181141866
2376, 1.9899181141866
2377, 1.9899181141866
2378, 1.9899181141866
2379, 1.9899181141866
2380, 1.9899181141866
2381, 1.9899181141866
2382, 1.9899181141866
2383, 1.9899181141866
2384, 1.9899181141866
2385, 1.9899181141866
2386, 1.9899181141866
2387, 1.9899181141866
2388, 1.9899181141866
2389, 1.9899181141866
2390, 1.9899181141866
2391, 1.9899181141866
2392, 1.9899181141866
2393, 1.9899181141866
2394, 1.9899181141866
2395, 1.9899181141866
2396, 1.9899181141866
2397, 1.9899181141866
2398, 1.9899181141866
2399, 1.9899181141866
2400, 1.9899181141866
2401, 1.9899181141866
2402, 1.9899181141866
2403, 1.9899181141866
2404, 1.9899181141866
2405, 1.9899181141866
2406, 1.9899181141866
2407, 1.9899181141866
2408, 1.9899181141866
2409, 1.9899181141866
2410, 1.9899181141866
2411, 1.9899181141866
2412, 1.9899181141866
2413, 1.9899181141866
2414, 1.9899181141866
2415, 1.9899181141866
2416, 1.9899181141866
2417, 1.9899181141866
2418, 1.9899181141866
2419, 1.9899181141866
2420, 1.9899181141866
2421, 1.9899181141866
2422, 1.9899181141866
2423, 1.9899181141866
2424, 1.9899181141866
2425, 1.9899181141866
2426, 1.9899181141866
2427, 1.9899181141866
2428, 1.9899181141866
2429, 1.9899181141866
2430, 1.9899181141866
2431, 1.9899181141866
2432, 1.9899181141866
2433, 1.9899181141866
2434, 1.9899181141866
2435, 1.9899181141866
2436, 1.9899181141866
2437, 1.9899181141866
2438, 1.9899181141866
2439, 1.9899181141866
2440, 1.9899181141866
2441, 1.9899181141866
2442, 1.9899181141866
2443, 1.9899181141866
2444, 1.9899181141866
2445, 1.9899181141866
2446, 1.9899181141866
2447, 1.9899181141866
2448, 1.9899181141866
2449, 1.9899181141866
2450, 1.9899181141866
2451, 1.9899181141866
2452, 1.9899181141866
2453, 1.9899181141866
2454, 1.9899181141866
2455, 1.9899181141866
2456, 1.9899181141866
2457, 1.9899181141866
2458, 1.9899181141866
2459, 1.9899181141866
2460, 1.9899181141866
2461, 1.9899181141866
2462, 1.9899181141866
2463, 1.9899181141866
2464, 1.9899181141866
2465, 1.9899181141866
2466, 1.9899181141866
2467, 1.9899181141866
2468, 1.9899181141866
2469, 1.9899181141866
2470, 1.9899181141866
2471, 1.9899181141866
2472, 1.9899181141866
2473, 1.9899181141866
2474, 1.9899181141866
2475, 1.9899181141866
2476, 1.9899181141866
2477, 1.9899181141866
2478, 1.9899181141866
2479, 1.9899181141866
2480, 1.9899181141866
2481, 1.9899181141866
2482, 1.9899181141866
2483, 1.9899181141866
2484, 1.9899181141866
2485, 1.9899181141866
2486, 1.9899181141866
2487, 1.9899181141866
2488, 1.9899181141866
2489, 1.9899181141866
2490, 1.9899181141866
2491, 1.9899181141866
2492, 1.9899181141866
2493, 1.9899181141866
2494, 1.9899181141866
2495, 1.9899181141866
2496, 1.9899181141866
2497, 1.9899181141866
2498, 1.9899181141866
2499, 1.9899181141866
2500, 1.9899181141866
2501, 1.9899181141866
2502, 1.9899181141866
2503, 1.9899181141866
2504, 1.9899181141866
2505, 1.9899181141866
2506, 1.9899181141866
2507, 1.9899181141866
2508, 1.9899181141866
2509, 1.9899181141866
2510, 1.9899181141866
2511, 1.9899181141866
2512, 1.9899181141866
2513, 1.9899181141866
2514, 1.9899181141866
2515, 1.9899181141866
2516, 1.9899181141866
2517, 1.9899181141866
2518, 1.9899181141866
2519, 1.9899181141866
2520, 1.9899181141866
2521, 1.9899181141866
2522, 1.9899181141866
2523, 1.9899181141866
2524, 1.9899181141866
2525, 1.9899181141866
2526, 1.9899181141866
2527, 1.9899181141866
2528, 1.9899181141866
2529, 1.9899181141866
2530, 1.9899181141866
2531, 1.9899181141866
2532, 1.9899181141866
2533, 1.9899181141866
2534, 1.9899181141866
2535, 1.9899181141866
2536, 1.9899181141866
2537, 1.9899181141866
2538, 1.9899181141866
2539, 1.9899181141866
2540, 1.9899181141866
2541, 1.9899181141866
2542, 1.9899181141866
2543, 1.9899181141866
2544, 1.9899181141866
2545, 1.9899181141866
2546, 1.9899181141866
2547, 1.9899181141866
2548, 1.9899181141866
2549, 1.9899181141866
2550, 1.9899181141866
2551, 1.9899181141866
2552, 1.9899181141866
2553, 1.9899181141866
2554, 1.9899181141866
2555, 1.9899181141866
2556, 1.9899181141866
2557, 1.9899181141866
2558, 1.9899181141866
2559, 1.9899181141866
2560, 1.9899181141866
2561, 1.9899181141866
2562, 1.9899181141866
2563, 1.9899181141866
2564, 1.9899181141866
2565, 1.9899181141866
2566, 1.9899181141866
2567, 1.9899181141866
2568, 1.9899181141866
2569, 1.9899181141866
2570, 1.9899181141866
2571, 1.9899181141866
2572, 1.9899181141866
2573, 1.9899181141866
2574, 1.9899181141866
2575, 1.9899181141866
2576, 1.9899181141866
2577, 1.9899181141866
2578, 1.9899181141866
2579, 1.9899181141866
2580, 1.9899181141866
2581, 1.9899181141866
2582, 1.9899181141866
2583, 1.9899181141866
2584, 1.9899181141866
2585, 1.9899181141866
2586, 1.9899181141866
2587, 1.9899181141866
2588, 1.9899181141866
2589, 1.9899181141866
2590, 1.9899181141866
2591, 1.9899181141866
2592, 1.9899181141866
2593, 1.9899181141866
2594, 1.9899181141866
2595, 1.9899181141866
2596, 1.9899181141866
2597, 1.9899181141866
2598, 1.9899181141866
2599, 1.9899181141866
2600, 1.9899181141866
2601, 1.9899181141866
2602, 1.9899181141866
2603, 1.9899181141866
2604, 1.9899181141866
2605, 1.9899181141866
2606, 1.9899181141866
2607, 1.9899181141866
2608, 1.9899181141866
2609, 1.9899181141866
2610, 1.9899181141866
2611, 1.9899181141866
2612, 1.9899181141866
2613, 1.9899181141866
2614, 1.9899181141866
2615, 1.9899181141866
2616, 1.9899181141866
2617, 1.9899181141866
2618, 1.9899181141866
2619, 1.9899181141866
2620, 1.9899181141866
2621, 1.9899181141866
2622, 1.9899181141866
2623, 1.9899181141866
2624, 1.9899181141866
2625, 1.9899181141866
2626, 1.9899181141866
2627, 1.9899181141866
2628, 1.9899181141866
2629, 1.9899181141866
2630, 1.9899181141866
2631, 1.9899181141866
2632, 1.9899181141866
2633, 1.9899181141866
2634, 1.9899181141866
2635, 1.9899181141866
2636, 1.9899181141866
2637, 1.9899181141866
2638, 1.9899181141866
2639, 1.9899181141866
2640, 1.9899181141866
2641, 1.9899181141866
2642, 1.9899181141866
2643, 1.9899181141866
2644, 1.9899181141866
2645, 1.9899181141866
2646, 1.9899181141866
2647, 1.9899181141866
2648, 1.9899181141866
2649, 1.9899181141866
2650, 1.9899181141866
2651, 1.9899181141866
2652, 1.9899181141866
2653, 1.9899181141866
2654, 1.9899181141866
2655, 1.9899181141866
2656, 1.9899181141866
2657, 1.9899181141866
2658, 1.9899181141866
2659, 1.9899181141866
2660, 1.9899181141866
2661, 1.9899181141866
2662, 1.9899181141866
2663, 1.9899181141866
2664, 1.9899181141866
2665, 1.9899181141866
2666, 1.9899181141866
2667, 1.9899181141866
2668, 1.9899181141866
2669, 1.9899181141866
2670, 1.9899181141866
2671, 1.9899181141866
2672, 1.9899181141866
2673, 1.9899181141866
2674, 1.9899181141866
2675, 1.9899181141866
2676, 1.9899181141866
2677, 1.9899181141866
2678, 1.9899181141866
2679, 1.9899181141866
2680, 1.9899181141866
2681, 1.9899181141866
2682, 1.9899181141866
2683, 1.9899181141866
2684, 1.9899181141866
2685, 1.9899181141866
2686, 1.9899181141866
2687, 1.9899181141866
2688, 1.9899181141866
2689, 1.9899181141866
2690, 1.9899181141866
2691, 1.9899181141866
2692, 1.9899181141866
2693, 1.9899181141866
2694, 1.9899181141866
2695, 1.9899181141866
2696, 1.9899181141866
2697, 1.9899181141866
2698, 1.9899181141866
2699, 1.9899181141866
2700, 1.9899181141866
2701, 1.9899181141866
2702, 1.9899181141866
2703, 1.9899181141866
2704, 1.9899181141866
2705, 1.9899181141866
2706, 1.9899181141866
2707, 1.9899181141866
2708, 1.9899181141866
2709, 1.9899181141866
2710, 1.9899181141866
2711, 1.9899181141866
2712, 1.9899181141866
2713, 1.9899181141866
2714, 1.9899181141866
2715, 1.9899181141866
2716, 1.9899181141866
2717, 1.9899181141866
2718, 1.9899181141866
2719, 1.9899181141866
2720, 1.9899181141866
2721, 1.9899181141866
2722, 1.9899181141866
2723, 1.9899181141866
2724, 1.9899181141866
2725, 1.9899181141866
2726, 1.9899181141866
2727, 1.9899181141866
2728, 1.9899181141866
2729, 1.9899181141866
2730, 1.9899181141866
2731, 1.9899181141866
2732, 1.9899181141866
2733, 1.9899181141866
2734, 1.9899181141866
2735, 1.9899181141866
2736, 1.9899181141866
2737, 1.9899181141866
2738, 1.9899181141866
2739, 1.9899181141866
2740, 1.9899181141866
2741, 1.9899181141866
2742, 1.9899181141866
2743, 1.9899181141866
2744, 1.9899181141866
2745, 1.9899181141866
2746, 1.9899181141866
2747, 1.9899181141866
2748, 1.9899181141866
2749, 1.9899181141866
2750, 1.9899181141866
2751, 1.9899181141866
2752, 1.9899181141866
2753, 1.9899181141866
2754, 1.9899181141866
2755, 1.9899181141866
2756, 1.9899181141866
2757, 1.9899181141866
2758, 1.9899181141866
2759, 1.9899181141866
2760, 1.9899181141866
2761, 1.9899181141866
2762, 1.9899181141866
2763, 1.9899181141866
2764, 1.9899181141866
2765, 1.9899181141866
2766, 1.9899181141866
2767, 1.9899181141866
2768, 1.9899181141866
2769, 1.9899181141866
2770, 1.9899181141866
2771, 1.9899181141866
2772, 1.9899181141866
2773, 1.9899181141866
2774, 1.9899181141866
2775, 1.9899181141866
2776, 1.9899181141866
2777, 1.9899181141866
2778, 1.9899181141866
2779, 1.9899181141866
2780, 1.9899181141866
2781, 1.9899181141866
2782, 1.9899181141866
2783, 1.9899181141866
2784, 1.9899181141866
2785, 1.9899181141866
2786, 1.9899181141866
2787, 1.9899181141866
2788, 1.9899181141866
2789, 1.9899181141866
2790, 1.9899181141866
2791, 1.9899181141866
2792, 1.9899181141866
2793, 1.9899181141866
2794, 1.9899181141866
2795, 1.9899181141866
2796, 1.9899181141866
2797, 1.9899181141866
2798, 1.9899181141866
2799, 1.9899181141866
2800, 1.9899181141866
2801, 1.9899181141866
2802, 1.9899181141866
2803, 1.9899181141866
2804, 1.9899181141866
2805, 1.9899181141866
2806, 1.9899181141866
2807, 1.9899181141866
2808, 1.9899181141866
2809, 1.9899181141866
2810, 1.9899181141866
2811, 1.9899181141866
2812, 1.9899181141866
2813, 1.9899181141866
2814, 1.9899181141866
2815, 1.9899181141866
2816, 1.9899181141866
2817, 1.9899181141866
2818, 1.9899181141866
2819, 1.9899181141866
2820, 1.9899181141866
2821, 1.9899181141866
2822, 1.9899181141866
2823, 1.9899181141866
2824, 1.9899181141866
2825, 1.9899181141866
2826, 1.9899181141866
2827, 1.9899181141866
2828, 1.9899181141866
2829, 1.9899181141866
2830, 1.9899181141866
2831, 1.9899181141866
2832, 1.9899181141866
2833, 1.9899181141866
2834, 1.9899181141866
2835, 1.9899181141866
2836, 1.9899181141866
2837, 1.9899181141866
2838, 1.9899181141866
2839, 1.9899181141866
2840, 1.9899181141866
2841, 1.9899181141866
2842, 1.9899181141866
2843, 1.9899181141866
2844, 1.9899181141866
2845, 1.9899181141866
2846, 1.9899181141866
2847, 1.9899181141866
2848, 1.9899181141866
2849, 1.9899181141866
2850, 1.9899181141866
2851, 1.9899181141866
2852, 1.9899181141866
2853, 1.9899181141866
2854, 1.9899181141866
2855, 1.9899181141866
2856, 1.9899181141866
2857, 1.9899181141866
2858, 1.9899181141866
2859, 1.9899181141866
2860, 1.9899181141866
2861, 1.9899181141866
2862, 1.9899181141866
2863, 1.9899181141866
2864, 1.9899181141866
2865, 1.9899181141866
2866, 1.9899181141866
2867, 1.9899181141866
2868, 1.9899181141866
2869, 1.9899181141866
2870, 1.9899181141866
2871, 1.9899181141866
2872, 1.9899181141866
2873, 1.9899181141866
2874, 1.9899181141866
2875, 1.9899181141866
2876, 1.9899181141866
2877, 1.9899181141866
2878, 1.9899181141866
2879, 1.9899181141866
2880, 1.9899181141866
2881, 1.9899181141866
2882, 1.9899181141866
2883, 1.9899181141866
2884, 1.9899181141866
2885, 1.9899181141866
2886, 1.9899181141866
2887, 1.9899181141866
2888, 1.9899181141866
2889, 1.9899181141866
2890, 1.9899181141866
2891, 1.9899181141866
2892, 1.9899181141866
2893, 1.9899181141866
2894, 1.9899181141866
2895, 1.9899181141866
2896, 1.9899181141866
2897, 1.9899181141866
2898, 1.9899181141866
2899, 1.9899181141866
2900, 1.9899181141866
2901, 1.9899181141866
2902, 1.9899181141866
2903, 1.9899181141866
2904, 1.9899181141866
2905, 1.9899181141866
2906, 1.9899181141866
2907, 1.9899181141866
2908, 1.9899181141866
2909, 1.9899181141866
2910, 1.9899181141866
2911, 1.9899181141866
2912, 1.9899181141866
2913, 1.9899181141866
2914, 1.9899181141866
2915, 1.9899181141866
2916, 1.9899181141866
2917, 1.9899181141866
2918, 1.9899181141866
2919, 1.9899181141866
2920, 1.9899181141866
2921, 1.9899181141866
2922, 1.9899181141866
2923, 1.9899181141866
2924, 1.9899181141866
2925, 1.9899181141866
2926, 1.9899181141866
2927, 1.9899181141866
2928, 1.9899181141866
2929, 1.9899181141866
2930, 1.9899181141866
2931, 1.9899181141866
2932, 1.9899181141866
2933, 1.9899181141866
2934, 1.9899181141866
2935, 1.9899181141866
2936, 1.9899181141866
2937, 1.9899181141866
2938, 1.9899181141866
2939, 1.9899181141866
2940, 1.9899181141866
2941, 1.9899181141866
2942, 1.9899181141866
2943, 1.9899181141866
2944, 1.9899181141866
2945, 1.9899181141866
2946, 1.9899181141866
2947, 1.9899181141866
2948, 1.9899181141866
2949, 1.9899181141866
2950, 1.9899181141866
2951, 1.9899181141866
2952, 1.9899181141866
2953, 1.9899181141866
2954, 1.9899181141866
2955, 1.9899181141866
2956, 1.9899181141866
2957, 1.9899181141866
2958, 1.9899181141866
2959, 1.9899181141866
2960, 1.9899181141866
2961, 1.9899181141866
2962, 1.9899181141866
2963, 1.9899181141866
2964, 1.9899181141866
2965, 1.9899181141866
2966, 1.9899181141866
2967, 1.9899181141866
2968, 1.9899181141866
2969, 1.9899181141866
2970, 1.9899181141866
2971, 1.9899181141866
2972, 1.9899181141866
2973, 1.9899181141866
2974, 1.9899181141866
2975, 1.9899181141866
2976, 1.9899181141866
2977, 1.9899181141866
2978, 1.9899181141866
2979, 1.9899181141866
2980, 1.9899181141866
2981, 1.9899181141866
2982, 1.9899181141866
2983, 1.9899181141866
2984, 1.9899181141866
2985, 1.9899181141866
2986, 1.9899181141866
2987, 1.9899181141866
2988, 1.9899181141866
2989, 1.9899181141866
2990, 1.9899181141866
2991, 1.9899181141866
2992, 1.9899181141866
2993, 1.9899181141866
2994, 1.9899181141866
2995, 1.9899181141866
2996, 1.9899181141866
2997, 1.9899181141866
2998, 1.9899181141866
2999, 1.9899181141866
