0, 100.307854505194
1, 100.307854505194
2, 100.307854505194
3, 100.307854505194
4, 100.307854505194
5, 100.307854505194
6, 79.6116146380327
7, 79.6116146380327
8, 62.697414381788
9, 62.697414381788
10, 62.697414381788
11, 62.697414381788
12, 62.697414381788
13, 62.697414381788
14, 62.697414381788
15, 62.697414381788
16, 62.697414381788
17, 62.697414381788
18, 62.697414381788
19, 49.5895533621803
20, 49.5895533621803
21, 49.5895533621803
22, 49.5895533621803
23, 49.5895533621803
24, 49.5895533621803
25, 49.5895533621803
26, 36.3075352043691
27, 36.3075352043691
28, 24.9684345881593
29, 24.9684345881593
30, 24.9684345881593
31, 24.9684345881593
32, 24.9684345881593
33, 24.9684345881593
34, 24.9684345881593
35, 24.9684345881593
36, 24.9684345881593
37, 24.9684345881593
38, 24.9684345881593
39, 24.9684345881593
40, 24.9684345881593
41, 24.9684345881593
42, 24.9684345881593
43, 24.9684345881593
44, 24.9684345881593
45, 24.9684345881593
46, 24.9684345881593
47, 24.9684345881593
48, 24.9684345881593
49, 24.9684345881593
50, 23.8012150828873
51, 23.8012150828873
52, 23.8012150828873
53, 23.8012150828873
54, 23.520000136739
55, 23.520000136739
56, 23.520000136739
57, 23.520000136739
58, 23.520000136739
59, 23.520000136739
60, 23.520000136739
61, 23.520000136739
62, 21.7315723087902
63, 19.6983566913571
64, 11.2704212187278
65, 11.2704212187278
66, 11.2704212187278
67, 11.2704212187278
68, 11.2704212187278
69, 11.2704212187278
70, 11.2704212187278
71, 11.2704212187278
72, 11.2704212187278
73, 11.2704212187278
74, 11.2704212187278
75, 11.2704212187278
76, 11.2704212187278
77, 11.2704212187278
78, 10.6863045408048
79, 6.42346276434302
80, 6.42346276434302
81, 6.42346276434302
82, 6.42346276434302
83, 6.42346276434302
84, 6.42346276434302
85, 6.42346276434302
86, 6.42346276434302
87, 6.42346276434302
88, 6.42346276434302
89, 6.42346276434302
90, 6.42346276434302
91, 6.42346276434302
92, 6.42346276434302
93, 6.42346276434302
94, 6.42346276434302
95, 6.42346276434302
96, 6.42346276434302
97, 6.42346276434302
98, 6.42346276434302
99, 6.42346276434302
100, 6.42346276434302
101, 6.42346276434302
102, 5.60336929029433
103, 5.60336929029433
104, 5.60336929029433
105, 5.60336929029433
106, 5.60336929029433
107, 5.60336929029433
108, 5.60336929029433
109, 5.60336929029433
110, 5.60336929029433
111, 5.60336929029433
112, 5.40596889859861
113, 5.06354054826517
114, 5.06354054826517
115, 5.06354054826517
116, 4.35933112513323
117, 4.35933112513323
118, 4.35933112513323
119, 4.35933112513323
120, 4.35933112513323
121, 4.35933112513323
122, 4.35933112513323
123, 4.35933112513323
124, 4.35933112513323
125, 4.35625387903469
126, 4.33036521990233
127, 3.96822902586662
128, 3.96822902586662
129, 3.05452935894598
130, 3.05452935894598
131, 3.05452935894598
132, 3.02157734974904
133, 3.02157734974904
134, 2.9576758933065
135, 2.51285884918923
136, 2.51285884918923
137, 2.51285884918923
138, 2.35595384930961
139, 2.24483013799573
140, 2.24483013799573
141, 2.22196228453738
142, 2.22196228453738
143, 2.22196228453738
144, 2.22196228453738
145, 2.21966284579271
146, 2.10195113390637
147, 2.10195113390637
148, 2.10195113390637
149, 2.10195113390637
150, 2.10195113390637
151, 2.08778599070888
152, 2.06273882089084
153, 2.06273882089084
154, 2.0559549232476
155, 2.0559549232476
156, 2.0559549232476
157, 2.0559549232476
158, 2.05475715948084
159, 2.05212049036664
160, 2.03460813191082
161, 2.00850352165311
162, 2.00850352165311
163, 2.00850352165311
164, 2.00850352165311
165, 2.00850352165311
166, 2.00850352165311
167, 2.00850352165311
168, 2.00642257358632
169, 2.00642257358632
170, 2.00642257358632
171, 2.00136922274774
172, 2.00066167993176
173, 1.99987828268466
174, 1.99987828268466
175, 1.99538506752062
176, 1.99499784730509
177, 1.99378769546353
178, 1.99378769546353
179, 1.99378769546353
180, 1.99366739669452
181, 1.99312222727937
182, 1.99181540174518
183, 1.99181540174518
184, 1.99086021129243
185, 1.99086021129243
186, 1.99086021129243
187, 1.99086021129243
188, 1.99086021129243
189, 1.99086021129243
190, 1.99086021129243
191, 1.99071331336945
192, 1.99071331336945
193, 1.99071331336945
194, 1.99071331336945
195, 1.99048134476159
196, 1.99046704888526
197, 1.99023142014225
198, 1.99023142014225
199, 1.99023142014225
200, 1.99023142014225
201, 1.99021118987885
202, 1.99021118987885
203, 1.99015906722189
204, 1.99010655850272
205, 1.99005921235671
206, 1.99005921235671
207, 1.9900468521451
208, 1.99004445613213
209, 1.99002630318367
210, 1.99002209138898
211, 1.99001499911851
212, 1.98999999750745
213, 1.98996426566759
214, 1.98996426566759
215, 1.98996426566759
216, 1.98994487856613
217, 1.98994487856613
218, 1.98994487856613
219, 1.98994487856613
220, 1.98994487856613
221, 1.98994487856613
222, 1.98994190228819
223, 1.98993999733983
224, 1.98993999733983
225, 1.98993121468576
226, 1.98993121468576
227, 1.98992826479183
228, 1.98992523482556
229, 1.98992355635208
230, 1.98992355635208
231, 1.98992311541856
232, 1.98992231804235
233, 1.98992231804235
234, 1.98992231804235
235, 1.98992231804235
236, 1.98992202846198
237, 1.98992170508284
238, 1.98992134631338
239, 1.98992131629421
240, 1.9899204474587
241, 1.9899204474587
242, 1.9899200515912
243, 1.98991960111776
244, 1.98991960111776
245, 1.98991959380754
246, 1.98991927363927
247, 1.98991914413264
248, 1.98991902826918
249, 1.98991897830362
250, 1.98991897830362
251, 1.98991865515544
252, 1.98991863985785
253, 1.98991863985785
254, 1.98991863985785
255, 1.98991859523145
256, 1.98991844076729
257, 1.98991833018189
258, 1.98991833018189
259, 1.98991832704805
260, 1.98991832704805
261, 1.98991832704805
262, 1.98991832704805
263, 1.98991832704805
264, 1.98991832704805
265, 1.98991832704805
266, 1.9899183056968
267, 1.98991830491507
268, 1.98991824771385
269, 1.98991824771385
270, 1.98991823988371
271, 1.98991823814376
272, 1.98991822449942
273, 1.98991822449942
274, 1.98991822449942
275, 1.9899182176548
276, 1.9899182176548
277, 1.98991820728769
278, 1.98991820728769
279, 1.98991818036743
280, 1.98991816220138
281, 1.98991816220138
282, 1.98991816220138
283, 1.989918160823
284, 1.98991814712807
285, 1.98991814712807
286, 1.98991813875949
287, 1.98991813875949
288, 1.98991813875949
289, 1.98991813875949
290, 1.98991813713801
291, 1.98991812657422
292, 1.98991812614083
293, 1.98991812614083
294, 1.98991812614083
295, 1.98991812614083
296, 1.98991812202408
297, 1.98991812202408
298, 1.9899181195547
299, 1.9899181195547
300, 1.98991811862335
301, 1.98991811862335
302, 1.98991811703612
303, 1.98991811703612
304, 1.98991811667778
305, 1.98991811573529
306, 1.98991811558574
307, 1.98991811558574
308, 1.98991811558574
309, 1.98991811537246
310, 1.98991811517061
311, 1.98991811517061
312, 1.98991811517061
313, 1.9899181150019
314, 1.98991811498894
315, 1.98991811480347
316, 1.98991811480347
317, 1.98991811463802
318, 1.98991811457483
319, 1.98991811457483
320, 1.98991811457483
321, 1.98991811457483
322, 1.98991811443202
323, 1.98991811436877
324, 1.98991811428756
325, 1.98991811424514
326, 1.98991811424514
327, 1.98991811422956
328, 1.98991811422956
329, 1.98991811422533
330, 1.98991811422456
331, 1.9899181142166
332, 1.9899181142166
333, 1.9899181142166
334, 1.98991811421336
335, 1.98991811420722
336, 1.98991811420295
337, 1.98991811420203
338, 1.98991811420188
339, 1.98991811420188
340, 1.98991811419604
341, 1.98991811419604
342, 1.98991811419604
343, 1.98991811419451
344, 1.98991811419375
345, 1.98991811419013
346, 1.98991811419013
347, 1.98991811418985
348, 1.98991811418967
349, 1.98991811418967
350, 1.98991811418967
351, 1.98991811418967
352, 1.98991811418967
353, 1.98991811418846
354, 1.98991811418846
355, 1.98991811418846
356, 1.98991811418846
357, 1.98991811418834
358, 1.98991811418834
359, 1.98991811418822
360, 1.98991811418791
361, 1.98991811418766
362, 1.98991811418753
363, 1.98991811418753
364, 1.98991811418736
365, 1.98991811418715
366, 1.98991811418715
367, 1.98991811418715
368, 1.98991811418703
369, 1.98991811418703
370, 1.98991811418686
371, 1.98991811418686
372, 1.98991811418686
373, 1.98991811418686
374, 1.98991811418682
375, 1.9899181141868
376, 1.9899181141868
377, 1.98991811418678
378, 1.98991811418669
379, 1.98991811418666
380, 1.98991811418666
381, 1.98991811418666
382, 1.98991811418663
383, 1.98991811418663
384, 1.98991811418663
385, 1.9899181141866
386, 1.9899181141866
387, 1.9899181141866
388, 1.9899181141866
389, 1.9899181141866
390, 1.9899181141866
391, 1.9899181141866
392, 1.9899181141866
393, 1.98991811418659
394, 1.98991811418659
395, 1.98991811418659
396, 1.98991811418659
397, 1.98991811418659
398, 1.98991811418659
399, 1.98991811418658
400, 1.98991811418658
401, 1.98991811418658
402, 1.98991811418658
403, 1.98991811418658
404, 1.98991811418658
405, 1.98991811418658
406, 1.98991811418658
407, 1.98991811418658
408, 1.98991811418658
409, 1.98991811418658
410, 1.98991811418658
411, 1.98991811418658
412, 1.98991811418658
413, 1.98991811418658
414, 1.98991811418658
415, 1.98991811418658
416, 1.98991811418658
417, 1.98991811418658
418, 1.98991811418658
419, 1.98991811418658
420, 1.98991811418658
421, 1.98991811418658
422, 1.98991811418658
423, 1.98991811418658
424, 1.98991811418658
425, 1.98991811418658
426, 1.98991811418658
427, 1.98991811418658
428, 1.98991811418658
429, 1.98991811418658
430, 1.98991811418658
431, 1.98991811418658
432, 1.98991811418658
433, 1.98991811418658
434, 1.98991811418658
435, 1.98991811418658
436, 1.98991811418658
437, 1.98991811418658
438, 1.98991811418658
439, 1.98991811418658
440, 1.98991811418658
441, 1.98991811418658
442, 1.98991811418658
443, 1.98991811418658
444, 1.98991811418658
445, 1.98991811418658
446, 1.98991811418658
447, 1.98991811418658
448, 1.98991811418658
449, 1.98991811418658
450, 1.98991811418658
451, 1.98991811418658
452, 1.98991811418658
453, 1.98991811418658
454, 1.98991811418658
455, 1.98991811418658
456, 1.98991811418658
457, 1.98991811418658
458, 1.98991811418658
459, 1.98991811418658
460, 1.98991811418658
461, 1.98991811418658
462, 1.98991811418658
463, 1.98991811418658
464, 1.98991811418658
465, 1.98991811418658
466, 1.98991811418658
467, 1.98991811418658
468, 1.98991811418658
469, 1.98991811418658
470, 1.98991811418658
471, 1.98991811418658
472, 1.98991811418658
473, 1.98991811418658
474, 1.98991811418658
475, 1.98991811418658
476, 1.98991811418658
477, 1.98991811418658
478, 1.98991811418658
479, 1.98991811418658
480, 1.98991811418658
481, 1.98991811418658
482, 1.98991811418658
483, 1.98991811418658
484, 1.98991811418658
485, 1.98991811418658
486, 1.98991811418658
487, 1.98991811418658
488, 1.98991811418658
489, 1.98991811418658
490, 1.98991811418658
491, 1.98991811418658
492, 1.98991811418658
493, 1.98991811418658
494, 1.98991811418658
495, 1.98991811418658
496, 1.98991811418658
497, 1.98991811418658
498, 1.98991811418658
499, 1.98991811418658
500, 1.98991811418658
501, 1.98991811418658
502, 1.98991811418658
503, 1.98991811418658
504, 1.98991811418658
505, 1.98991811418658
506, 1.98991811418658
507, 1.98991811418658
508, 1.98991811418658
509, 1.98991811418658
510, 1.98991811418658
511, 1.98991811418658
512, 1.98991811418658
513, 1.98991811418658
514, 1.98991811418658
515, 1.98991811418658
516, 1.98991811418658
517, 1.98991811418658
518, 1.98991811418658
519, 1.98991811418658
520, 1.98991811418658
521, 1.98991811418658
522, 1.98991811418658
523, 1.98991811418658
524, 1.98991811418658
525, 1.98991811418658
526, 1.98991811418658
527, 1.98991811418658
528, 1.98991811418658
529, 1.98991811418658
530, 1.98991811418658
531, 1.98991811418658
532, 1.98991811418658
533, 1.98991811418658
534, 1.98991811418658
535, 1.98991811418658
536, 1.98991811418658
537, 1.98991811418658
538, 1.98991811418658
539, 1.98991811418658
540, 1.98991811418658
541, 1.98991811418658
542, 1.98991811418658
543, 1.98991811418658
544, 1.98991811418658
545, 1.98991811418658
546, 1.98991811418658
547, 1.98991811418658
548, 1.98991811418658
549, 1.98991811418658
550, 1.98991811418658
551, 1.98991811418658
552, 1.98991811418658
553, 1.98991811418658
554, 1.98991811418658
555, 1.98991811418658
556, 1.98991811418658
557, 1.98991811418658
558, 1.98991811418658
559, 1.98991811418658
560, 1.98991811418658
561, 1.98991811418658
562, 1.98991811418658
563, 1.98991811418658
564, 1.98991811418658
565, 1.98991811418658
566, 1.98991811418658
567, 1.98991811418658
568, 1.98991811418658
569, 1.98991811418658
570, 1.98991811418658
571, 1.98991811418658
572, 1.98991811418658
573, 1.98991811418658
574, 1.98991811418658
575, 1.98991811418658
576, 1.98991811418658
577, 1.98991811418658
578, 1.98991811418658
579, 1.98991811418658
580, 1.98991811418658
581, 1.98991811418658
582, 1.98991811418658
583, 1.98991811418658
584, 1.98991811418658
585, 1.98991811418658
586, 1.98991811418658
587, 1.98991811418658
588, 1.98991811418658
589, 1.98991811418658
590, 1.98991811418658
591, 1.98991811418658
592, 1.98991811418658
593, 1.98991811418658
594, 1.98991811418658
595, 1.98991811418658
596, 1.98991811418658
597, 1.98991811418658
598, 1.98991811418658
599, 1.98991811418658
600, 1.98991811418658
601, 1.98991811418658
602, 1.98991811418658
603, 1.98991811418658
604, 1.98991811418658
605, 1.98991811418658
606, 1.98991811418658
607, 1.98991811418658
608, 1.98991811418658
609, 1.98991811418658
610, 1.98991811418658
611, 1.98991811418658
612, 1.98991811418658
613, 1.98991811418658
614, 1.98991811418658
615, 1.98991811418658
616, 1.98991811418658
617, 1.98991811418658
618, 1.98991811418658
619, 1.98991811418658
620, 1.98991811418658
621, 1.98991811418658
622, 1.98991811418658
623, 1.98991811418658
624, 1.98991811418658
625, 1.98991811418658
626, 1.98991811418658
627, 1.98991811418658
628, 1.98991811418658
629, 1.98991811418658
630, 1.98991811418658
631, 1.98991811418658
632, 1.98991811418658
633, 1.98991811418658
634, 1.98991811418658
635, 1.98991811418658
636, 1.98991811418658
637, 1.98991811418658
638, 1.98991811418658
639, 1.98991811418658
640, 1.98991811418658
641, 1.98991811418658
642, 1.98991811418658
643, 1.98991811418658
644, 1.98991811418658
645, 1.98991811418658
646, 1.98991811418658
647, 1.98991811418658
648, 1.98991811418658
649, 1.98991811418658
650, 1.98991811418658
651, 1.98991811418658
652, 1.98991811418658
653, 1.98991811418658
654, 1.98991811418658
655, 1.98991811418658
656, 1.98991811418658
657, 1.98991811418658
658, 1.98991811418658
659, 1.98991811418658
660, 1.98991811418658
661, 1.98991811418658
662, 1.98991811418658
663, 1.98991811418658
664, 1.98991811418658
665, 1.98991811418658
666, 1.98991811418658
667, 1.98991811418658
668, 1.98991811418658
669, 1.98991811418658
670, 1.98991811418658
671, 1.98991811418658
672, 1.98991811418658
673, 1.98991811418658
674, 1.98991811418658
675, 1.98991811418658
676, 1.98991811418658
677, 1.98991811418658
678, 1.98991811418658
679, 1.98991811418658
680, 1.98991811418658
681, 1.98991811418658
682, 1.98991811418658
683, 1.98991811418658
684, 1.98991811418658
685, 1.98991811418658
686, 1.98991811418658
687, 1.98991811418658
688, 1.98991811418658
689, 1.98991811418658
690, 1.98991811418658
691, 1.98991811418658
692, 1.98991811418658
693, 1.98991811418658
694, 1.98991811418658
695, 1.98991811418658
696, 1.98991811418658
697, 1.98991811418658
698, 1.98991811418658
699, 1.98991811418658
700, 1.98991811418658
701, 1.98991811418658
702, 1.98991811418658
703, 1.98991811418658
704, 1.98991811418658
705, 1.98991811418658
706, 1.98991811418658
707, 1.98991811418658
708, 1.98991811418658
709, 1.98991811418658
710, 1.98991811418658
711, 1.98991811418658
712, 1.98991811418658
713, 1.98991811418658
714, 1.98991811418658
715, 1.98991811418658
716, 1.98991811418658
717, 1.98991811418658
718, 1.98991811418658
719, 1.98991811418658
720, 1.98991811418658
721, 1.98991811418658
722, 1.98991811418658
723, 1.98991811418658
724, 1.98991811418658
725, 1.98991811418658
726, 1.98991811418658
727, 1.98991811418658
728, 1.98991811418658
729, 1.98991811418658
730, 1.98991811418658
731, 1.98991811418658
732, 1.98991811418658
733, 1.98991811418658
734, 1.98991811418658
735, 1.98991811418658
736, 1.98991811418658
737, 1.98991811418658
738, 1.98991811418658
739, 1.98991811418658
740, 1.98991811418658
741, 1.98991811418658
742, 1.98991811418658
743, 1.98991811418658
744, 1.98991811418658
745, 1.98991811418658
746, 1.98991811418658
747, 1.98991811418658
748, 1.98991811418658
749, 1.98991811418658
750, 1.98991811418658
751, 1.98991811418658
752, 1.98991811418658
753, 1.98991811418658
754, 1.98991811418658
755, 1.98991811418658
756, 1.98991811418658
757, 1.98991811418658
758, 1.98991811418658
759, 1.98991811418658
760, 1.98991811418658
761, 1.98991811418658
762, 1.98991811418658
763, 1.98991811418658
764, 1.98991811418658
765, 1.98991811418658
766, 1.98991811418658
767, 1.98991811418658
768, 1.98991811418658
769, 1.98991811418658
770, 1.98991811418658
771, 1.98991811418658
772, 1.98991811418658
773, 1.98991811418658
774, 1.98991811418658
775, 1.98991811418658
776, 1.98991811418658
777, 1.98991811418658
778, 1.98991811418658
779, 1.98991811418658
780, 1.98991811418658
781, 1.98991811418658
782, 1.98991811418658
783, 1.98991811418658
784, 1.98991811418658
785, 1.98991811418658
786, 1.98991811418658
787, 1.98991811418658
788, 1.98991811418658
789, 1.98991811418658
790, 1.98991811418658
791, 1.98991811418658
792, 1.98991811418658
793, 1.98991811418658
794, 1.98991811418658
795, 1.98991811418658
796, 1.98991811418658
797, 1.98991811418658
798, 1.98991811418658
799, 1.98991811418658
800, 1.98991811418658
801, 1.98991811418658
802, 1.98991811418658
803, 1.98991811418658
804, 1.98991811418658
805, 1.98991811418658
806, 1.98991811418658
807, 1.98991811418658
808, 1.98991811418658
809, 1.98991811418658
810, 1.98991811418658
811, 1.98991811418658
812, 1.98991811418658
813, 1.98991811418658
814, 1.98991811418658
815, 1.98991811418658
816, 1.98991811418658
817, 1.98991811418658
818, 1.98991811418658
819, 1.98991811418658
820, 1.98991811418658
821, 1.98991811418658
822, 1.98991811418658
823, 1.98991811418658
824, 1.98991811418658
825, 1.98991811418658
826, 1.98991811418658
827, 1.98991811418658
828, 1.98991811418658
829, 1.98991811418658
830, 1.98991811418658
831, 1.98991811418658
832, 1.98991811418658
833, 1.98991811418658
834, 1.98991811418658
835, 1.98991811418658
836, 1.98991811418658
837, 1.98991811418658
838, 1.98991811418658
839, 1.98991811418658
840, 1.98991811418658
841, 1.98991811418658
842, 1.98991811418658
843, 1.98991811418658
844, 1.98991811418658
845, 1.98991811418658
846, 1.98991811418658
847, 1.98991811418658
848, 1.98991811418658
849, 1.98991811418658
850, 1.98991811418658
851, 1.98991811418658
852, 1.98991811418658
853, 1.98991811418658
854, 1.98991811418658
855, 1.98991811418658
856, 1.98991811418658
857, 1.98991811418658
858, 1.98991811418658
859, 1.98991811418658
860, 1.98991811418658
861, 1.98991811418658
862, 1.98991811418658
863, 1.98991811418658
864, 1.98991811418658
865, 1.98991811418658
866, 1.98991811418658
867, 1.98991811418658
868, 1.98991811418658
869, 1.98991811418658
870, 1.98991811418658
871, 1.98991811418658
872, 1.98991811418658
873, 1.98991811418658
874, 1.98991811418658
875, 1.98991811418658
876, 1.98991811418658
877, 1.98991811418658
878, 1.98991811418658
879, 1.98991811418658
880, 1.98991811418658
881, 1.98991811418658
882, 1.98991811418658
883, 1.98991811418658
884, 1.98991811418658
885, 1.98991811418658
886, 1.98991811418658
887, 1.98991811418658
888, 1.98991811418658
889, 1.98991811418658
890, 1.98991811418658
891, 1.98991811418658
892, 1.98991811418658
893, 1.98991811418658
894, 1.98991811418658
895, 1.98991811418658
896, 1.98991811418658
897, 1.98991811418658
898, 1.98991811418658
899, 1.98991811418658
900, 1.98991811418658
901, 1.98991811418658
902, 1.98991811418658
903, 1.98991811418658
904, 1.98991811418658
905, 1.98991811418658
906, 1.98991811418658
907, 1.98991811418658
908, 1.98991811418658
909, 1.98991811418658
910, 1.98991811418658
911, 1.98991811418658
912, 1.98991811418658
913, 1.98991811418658
914, 1.98991811418658
915, 1.98991811418658
916, 1.98991811418658
917, 1.98991811418658
918, 1.98991811418658
919, 1.98991811418658
920, 1.98991811418658
921, 1.98991811418658
922, 1.98991811418658
923, 1.98991811418658
924, 1.98991811418658
925, 1.98991811418658
926, 1.98991811418658
927, 1.98991811418658
928, 1.98991811418658
929, 1.98991811418658
930, 1.98991811418658
931, 1.98991811418658
932, 1.98991811418658
933, 1.98991811418658
934, 1.98991811418658
935, 1.98991811418658
936, 1.98991811418658
937, 1.98991811418658
938, 1.98991811418658
939, 1.98991811418658
940, 1.98991811418658
941, 1.98991811418658
942, 1.98991811418658
943, 1.98991811418658
944, 1.98991811418658
945, 1.98991811418658
946, 1.98991811418658
947, 1.98991811418658
948, 1.98991811418658
949, 1.98991811418658
950, 1.98991811418658
951, 1.98991811418658
952, 1.98991811418658
953, 1.98991811418658
954, 1.98991811418658
955, 1.98991811418658
956, 1.98991811418658
957, 1.98991811418658
958, 1.98991811418658
959, 1.98991811418658
960, 1.98991811418658
961, 1.98991811418658
962, 1.98991811418658
963, 1.98991811418658
964, 1.98991811418658
965, 1.98991811418658
966, 1.98991811418658
967, 1.98991811418658
968, 1.98991811418658
969, 1.98991811418658
970, 1.98991811418658
971, 1.98991811418658
972, 1.98991811418658
973, 1.98991811418658
974, 1.98991811418658
975, 1.98991811418658
976, 1.98991811418658
977, 1.98991811418658
978, 1.98991811418658
979, 1.98991811418658
980, 1.98991811418658
981, 1.98991811418658
982, 1.98991811418658
983, 1.98991811418658
984, 1.98991811418658
985, 1.98991811418658
986, 1.98991811418658
987, 1.98991811418658
988, 1.98991811418658
989, 1.98991811418658
990, 1.98991811418658
991, 1.98991811418658
992, 1.98991811418658
993, 1.98991811418658
994, 1.98991811418658
995, 1.98991811418658
996, 1.98991811418658
997, 1.98991811418658
998, 1.98991811418658
999, 1.98991811418658
1000, 1.98991811418658
1001, 1.98991811418658
1002, 1.98991811418658
1003, 1.98991811418658
1004, 1.98991811418658
1005, 1.98991811418658
1006, 1.98991811418658
1007, 1.98991811418658
1008, 1.98991811418658
1009, 1.98991811418658
1010, 1.98991811418658
1011, 1.98991811418658
1012, 1.98991811418658
1013, 1.98991811418658
1014, 1.98991811418658
1015, 1.98991811418658
1016, 1.98991811418658
1017, 1.98991811418658
1018, 1.98991811418658
1019, 1.98991811418658
1020, 1.98991811418658
1021, 1.98991811418658
1022, 1.98991811418658
1023, 1.98991811418658
1024, 1.98991811418658
1025, 1.98991811418658
1026, 1.98991811418658
1027, 1.98991811418658
1028, 1.98991811418658
1029, 1.98991811418658
1030, 1.98991811418658
1031, 1.98991811418658
1032, 1.98991811418658
1033, 1.98991811418658
1034, 1.98991811418658
1035, 1.98991811418658
1036, 1.98991811418658
1037, 1.98991811418658
1038, 1.98991811418658
1039, 1.98991811418658
1040, 1.98991811418658
1041, 1.98991811418658
1042, 1.98991811418658
1043, 1.98991811418658
1044, 1.98991811418658
1045, 1.98991811418658
1046, 1.98991811418658
1047, 1.98991811418658
1048, 1.98991811418658
1049, 1.98991811418658
1050, 1.98991811418658
1051, 1.98991811418658
1052, 1.98991811418658
1053, 1.98991811418658
1054, 1.98991811418658
1055, 1.98991811418658
1056, 1.98991811418658
1057, 1.98991811418658
1058, 1.98991811418658
1059, 1.98991811418658
1060, 1.98991811418658
1061, 1.98991811418658
1062, 1.98991811418658
1063, 1.98991811418658
1064, 1.98991811418658
1065, 1.98991811418658
1066, 1.98991811418658
1067, 1.98991811418658
1068, 1.98991811418658
1069, 1.98991811418658
1070, 1.98991811418658
1071, 1.98991811418658
1072, 1.98991811418658
1073, 1.98991811418658
1074, 1.98991811418658
1075, 1.98991811418658
1076, 1.98991811418658
1077, 1.98991811418658
1078, 1.98991811418658
1079, 1.98991811418658
1080, 1.98991811418658
1081, 1.98991811418658
1082, 1.98991811418658
1083, 1.98991811418658
1084, 1.98991811418658
1085, 1.98991811418658
1086, 1.98991811418658
1087, 1.98991811418658
1088, 1.98991811418658
1089, 1.98991811418658
1090, 1.98991811418658
1091, 1.98991811418658
1092, 1.98991811418658
1093, 1.98991811418658
1094, 1.98991811418658
1095, 1.98991811418658
1096, 1.98991811418658
1097, 1.98991811418658
1098, 1.98991811418658
1099, 1.98991811418658
1100, 1.98991811418658
1101, 1.98991811418658
1102, 1.98991811418658
1103, 1.98991811418658
1104, 1.98991811418658
1105, 1.98991811418658
1106, 1.98991811418658
1107, 1.98991811418658
1108, 1.98991811418658
1109, 1.98991811418658
1110, 1.98991811418658
1111, 1.98991811418658
1112, 1.98991811418658
1113, 1.98991811418658
1114, 1.98991811418658
1115, 1.98991811418658
1116, 1.98991811418658
1117, 1.98991811418658
1118, 1.98991811418658
1119, 1.98991811418658
1120, 1.98991811418658
1121, 1.98991811418658
1122, 1.98991811418658
1123, 1.98991811418658
1124, 1.98991811418658
1125, 1.98991811418658
1126, 1.98991811418658
1127, 1.98991811418658
1128, 1.98991811418658
1129, 1.98991811418658
1130, 1.98991811418658
1131, 1.98991811418658
1132, 1.98991811418658
1133, 1.98991811418658
1134, 1.98991811418658
1135, 1.98991811418658
1136, 1.98991811418658
1137, 1.98991811418658
1138, 1.98991811418658
1139, 1.98991811418658
1140, 1.98991811418658
1141, 1.98991811418658
1142, 1.98991811418658
1143, 1.98991811418658
1144, 1.98991811418658
1145, 1.98991811418658
1146, 1.98991811418658
1147, 1.98991811418658
1148, 1.98991811418658
1149, 1.98991811418658
1150, 1.98991811418658
1151, 1.98991811418658
1152, 1.98991811418658
1153, 1.98991811418658
1154, 1.98991811418658
1155, 1.98991811418658
1156, 1.98991811418658
1157, 1.98991811418658
1158, 1.98991811418658
1159, 1.98991811418658
1160, 1.98991811418658
1161, 1.98991811418658
1162, 1.98991811418658
1163, 1.98991811418658
1164, 1.98991811418658
1165, 1.98991811418658
1166, 1.98991811418658
1167, 1.98991811418658
1168, 1.98991811418658
1169, 1.98991811418658
1170, 1.98991811418658
1171, 1.98991811418658
1172, 1.98991811418658
1173, 1.98991811418658
1174, 1.98991811418658
1175, 1.98991811418658
1176, 1.98991811418658
1177, 1.98991811418658
1178, 1.98991811418658
1179, 1.98991811418658
1180, 1.98991811418658
1181, 1.98991811418658
1182, 1.98991811418658
1183, 1.98991811418658
1184, 1.98991811418658
1185, 1.98991811418658
1186, 1.98991811418658
1187, 1.98991811418658
1188, 1.98991811418658
1189, 1.98991811418658
1190, 1.98991811418658
1191, 1.98991811418658
1192, 1.98991811418658
1193, 1.98991811418658
1194, 1.98991811418658
1195, 1.98991811418658
1196, 1.98991811418658
1197, 1.98991811418658
1198, 1.98991811418658
1199, 1.98991811418658
1200, 1.98991811418658
1201, 1.98991811418658
1202, 1.98991811418658
1203, 1.98991811418658
1204, 1.98991811418658
1205, 1.98991811418658
1206, 1.98991811418658
1207, 1.98991811418658
1208, 1.98991811418658
1209, 1.98991811418658
1210, 1.98991811418658
1211, 1.98991811418658
1212, 1.98991811418658
1213, 1.98991811418658
1214, 1.98991811418658
1215, 1.98991811418658
1216, 1.98991811418658
1217, 1.98991811418658
1218, 1.98991811418658
1219, 1.98991811418658
1220, 1.98991811418658
1221, 1.98991811418658
1222, 1.98991811418658
1223, 1.98991811418658
1224, 1.98991811418658
1225, 1.98991811418658
1226, 1.98991811418658
1227, 1.98991811418658
1228, 1.98991811418658
1229, 1.98991811418658
1230, 1.98991811418658
1231, 1.98991811418658
1232, 1.98991811418658
1233, 1.98991811418658
1234, 1.98991811418658
1235, 1.98991811418658
1236, 1.98991811418658
1237, 1.98991811418658
1238, 1.98991811418658
1239, 1.98991811418658
1240, 1.98991811418658
1241, 1.98991811418658
1242, 1.98991811418658
1243, 1.98991811418658
1244, 1.98991811418658
1245, 1.98991811418658
1246, 1.98991811418658
1247, 1.98991811418658
1248, 1.98991811418658
1249, 1.98991811418658
1250, 1.98991811418658
1251, 1.98991811418658
1252, 1.98991811418658
1253, 1.98991811418658
1254, 1.98991811418658
1255, 1.98991811418658
1256, 1.98991811418658
1257, 1.98991811418658
1258, 1.98991811418658
1259, 1.98991811418658
1260, 1.98991811418658
1261, 1.98991811418658
1262, 1.98991811418658
1263, 1.98991811418658
1264, 1.98991811418658
1265, 1.98991811418658
1266, 1.98991811418658
1267, 1.98991811418658
1268, 1.98991811418658
1269, 1.98991811418658
1270, 1.98991811418658
1271, 1.98991811418658
1272, 1.98991811418658
1273, 1.98991811418658
1274, 1.98991811418658
1275, 1.98991811418658
1276, 1.98991811418658
1277, 1.98991811418658
1278, 1.98991811418658
1279, 1.98991811418658
1280, 1.98991811418658
1281, 1.98991811418658
1282, 1.98991811418658
1283, 1.98991811418658
1284, 1.98991811418658
1285, 1.98991811418658
1286, 1.98991811418658
1287, 1.98991811418658
1288, 1.98991811418658
1289, 1.98991811418658
1290, 1.98991811418658
1291, 1.98991811418658
1292, 1.98991811418658
1293, 1.98991811418658
1294, 1.98991811418658
1295, 1.98991811418658
1296, 1.98991811418658
1297, 1.98991811418658
1298, 1.98991811418658
1299, 1.98991811418658
1300, 1.98991811418658
1301, 1.98991811418658
1302, 1.98991811418658
1303, 1.98991811418658
1304, 1.98991811418658
1305, 1.98991811418658
1306, 1.98991811418658
1307, 1.98991811418658
1308, 1.98991811418658
1309, 1.98991811418658
1310, 1.98991811418658
1311, 1.98991811418658
1312, 1.98991811418658
1313, 1.98991811418658
1314, 1.98991811418658
1315, 1.98991811418658
1316, 1.98991811418658
1317, 1.98991811418658
1318, 1.98991811418658
1319, 1.98991811418658
1320, 1.98991811418658
1321, 1.98991811418658
1322, 1.98991811418658
1323, 1.98991811418658
1324, 1.98991811418658
1325, 1.98991811418658
1326, 1.98991811418658
1327, 1.98991811418658
1328, 1.98991811418658
1329, 1.98991811418658
1330, 1.98991811418658
1331, 1.98991811418658
1332, 1.98991811418658
1333, 1.98991811418658
1334, 1.98991811418658
1335, 1.98991811418658
1336, 1.98991811418658
1337, 1.98991811418658
1338, 1.98991811418658
1339, 1.98991811418658
1340, 1.98991811418658
1341, 1.98991811418658
1342, 1.98991811418658
1343, 1.98991811418658
1344, 1.98991811418658
1345, 1.98991811418658
1346, 1.98991811418658
1347, 1.98991811418658
1348, 1.98991811418658
1349, 1.98991811418658
1350, 1.98991811418658
1351, 1.98991811418658
1352, 1.98991811418658
1353, 1.98991811418658
1354, 1.98991811418658
1355, 1.98991811418658
1356, 1.98991811418658
1357, 1.98991811418658
1358, 1.98991811418658
1359, 1.98991811418658
1360, 1.98991811418658
1361, 1.98991811418658
1362, 1.98991811418658
1363, 1.98991811418658
1364, 1.98991811418658
1365, 1.98991811418658
1366, 1.98991811418658
1367, 1.98991811418658
1368, 1.98991811418658
1369, 1.98991811418658
1370, 1.98991811418658
1371, 1.98991811418658
1372, 1.98991811418658
1373, 1.98991811418658
1374, 1.98991811418658
1375, 1.98991811418658
1376, 1.98991811418658
1377, 1.98991811418658
1378, 1.98991811418658
1379, 1.98991811418658
1380, 1.98991811418658
1381, 1.98991811418658
1382, 1.98991811418658
1383, 1.98991811418658
1384, 1.98991811418658
1385, 1.98991811418658
1386, 1.98991811418658
1387, 1.98991811418658
1388, 1.98991811418658
1389, 1.98991811418658
1390, 1.98991811418658
1391, 1.98991811418658
1392, 1.98991811418658
1393, 1.98991811418658
1394, 1.98991811418658
1395, 1.98991811418658
1396, 1.98991811418658
1397, 1.98991811418658
1398, 1.98991811418658
1399, 1.98991811418658
1400, 1.98991811418658
1401, 1.98991811418658
1402, 1.98991811418658
1403, 1.98991811418658
1404, 1.98991811418658
1405, 1.98991811418658
1406, 1.98991811418658
1407, 1.98991811418658
1408, 1.98991811418658
1409, 1.98991811418658
1410, 1.98991811418658
1411, 1.98991811418658
1412, 1.98991811418658
1413, 1.98991811418658
1414, 1.98991811418658
1415, 1.98991811418658
1416, 1.98991811418658
1417, 1.98991811418658
1418, 1.98991811418658
1419, 1.98991811418658
1420, 1.98991811418658
1421, 1.98991811418658
1422, 1.98991811418658
1423, 1.98991811418658
1424, 1.98991811418658
1425, 1.98991811418658
1426, 1.98991811418658
1427, 1.98991811418658
1428, 1.98991811418658
1429, 1.98991811418658
1430, 1.98991811418658
1431, 1.98991811418658
1432, 1.98991811418658
1433, 1.98991811418658
1434, 1.98991811418658
1435, 1.98991811418658
1436, 1.98991811418658
1437, 1.98991811418658
1438, 1.98991811418658
1439, 1.98991811418658
1440, 1.98991811418658
1441, 1.98991811418658
1442, 1.98991811418658
1443, 1.98991811418658
1444, 1.98991811418658
1445, 1.98991811418658
1446, 1.98991811418658
1447, 1.98991811418658
1448, 1.98991811418658
1449, 1.98991811418658
1450, 1.98991811418658
1451, 1.98991811418658
1452, 1.98991811418658
1453, 1.98991811418658
1454, 1.98991811418658
1455, 1.98991811418658
1456, 1.98991811418658
1457, 1.98991811418658
1458, 1.98991811418658
1459, 1.98991811418658
1460, 1.98991811418658
1461, 1.98991811418658
1462, 1.98991811418658
1463, 1.98991811418658
1464, 1.98991811418658
1465, 1.98991811418658
1466, 1.98991811418658
1467, 1.98991811418658
1468, 1.98991811418658
1469, 1.98991811418658
1470, 1.98991811418658
1471, 1.98991811418658
1472, 1.98991811418658
1473, 1.98991811418658
1474, 1.98991811418658
1475, 1.98991811418658
1476, 1.98991811418658
1477, 1.98991811418658
1478, 1.98991811418658
1479, 1.98991811418658
1480, 1.98991811418658
1481, 1.98991811418658
1482, 1.98991811418658
1483, 1.98991811418658
1484, 1.98991811418658
1485, 1.98991811418658
1486, 1.98991811418658
1487, 1.98991811418658
1488, 1.98991811418658
1489, 1.98991811418658
1490, 1.98991811418658
1491, 1.98991811418658
1492, 1.98991811418658
1493, 1.98991811418658
1494, 1.98991811418658
1495, 1.98991811418658
1496, 1.98991811418658
1497, 1.98991811418658
1498, 1.98991811418658
1499, 1.98991811418658
1500, 1.98991811418658
1501, 1.98991811418658
1502, 1.98991811418658
1503, 1.98991811418658
1504, 1.98991811418658
1505, 1.98991811418658
1506, 1.98991811418658
1507, 1.98991811418658
1508, 1.98991811418658
1509, 1.98991811418658
1510, 1.98991811418658
1511, 1.98991811418658
1512, 1.98991811418658
1513, 1.98991811418658
1514, 1.98991811418658
1515, 1.98991811418658
1516, 1.98991811418658
1517, 1.98991811418658
1518, 1.98991811418658
1519, 1.98991811418658
1520, 1.98991811418658
1521, 1.98991811418658
1522, 1.98991811418658
1523, 1.98991811418658
1524, 1.98991811418658
1525, 1.98991811418658
1526, 1.98991811418658
1527, 1.98991811418658
1528, 1.98991811418658
1529, 1.98991811418658
1530, 1.98991811418658
1531, 1.98991811418658
1532, 1.98991811418658
1533, 1.98991811418658
1534, 1.98991811418658
1535, 1.98991811418658
1536, 1.98991811418658
1537, 1.98991811418658
1538, 1.98991811418658
1539, 1.98991811418658
1540, 1.98991811418658
1541, 1.98991811418658
1542, 1.98991811418658
1543, 1.98991811418658
1544, 1.98991811418658
1545, 1.98991811418658
1546, 1.98991811418658
1547, 1.98991811418658
1548, 1.98991811418658
1549, 1.98991811418658
1550, 1.98991811418658
1551, 1.98991811418658
1552, 1.98991811418658
1553, 1.98991811418658
1554, 1.98991811418658
1555, 1.98991811418658
1556, 1.98991811418658
1557, 1.98991811418658
1558, 1.98991811418658
1559, 1.98991811418658
1560, 1.98991811418658
1561, 1.98991811418658
1562, 1.98991811418658
1563, 1.98991811418658
1564, 1.98991811418658
1565, 1.98991811418658
1566, 1.98991811418658
1567, 1.98991811418658
1568, 1.98991811418658
1569, 1.98991811418658
1570, 1.98991811418658
1571, 1.98991811418658
1572, 1.98991811418658
1573, 1.98991811418658
1574, 1.98991811418658
1575, 1.98991811418658
1576, 1.98991811418658
1577, 1.98991811418658
1578, 1.98991811418658
1579, 1.98991811418658
1580, 1.98991811418658
1581, 1.98991811418658
1582, 1.98991811418658
1583, 1.98991811418658
1584, 1.98991811418658
1585, 1.98991811418658
1586, 1.98991811418658
1587, 1.98991811418658
1588, 1.98991811418658
1589, 1.98991811418658
1590, 1.98991811418658
1591, 1.98991811418658
1592, 1.98991811418658
1593, 1.98991811418658
1594, 1.98991811418658
1595, 1.98991811418658
1596, 1.98991811418658
1597, 1.98991811418658
1598, 1.98991811418658
1599, 1.98991811418658
1600, 1.98991811418658
1601, 1.98991811418658
1602, 1.98991811418658
1603, 1.98991811418658
1604, 1.98991811418658
1605, 1.98991811418658
1606, 1.98991811418658
1607, 1.98991811418658
1608, 1.98991811418658
1609, 1.98991811418658
1610, 1.98991811418658
1611, 1.98991811418658
1612, 1.98991811418658
1613, 1.98991811418658
1614, 1.98991811418658
1615, 1.98991811418658
1616, 1.98991811418658
1617, 1.98991811418658
1618, 1.98991811418658
1619, 1.98991811418658
1620, 1.98991811418658
1621, 1.98991811418658
1622, 1.98991811418658
1623, 1.98991811418658
1624, 1.98991811418658
1625, 1.98991811418658
1626, 1.98991811418658
1627, 1.98991811418658
1628, 1.98991811418658
1629, 1.98991811418658
1630, 1.98991811418658
1631, 1.98991811418658
1632, 1.98991811418658
1633, 1.98991811418658
1634, 1.98991811418658
1635, 1.98991811418658
1636, 1.98991811418658
1637, 1.98991811418658
1638, 1.98991811418658
1639, 1.98991811418658
1640, 1.98991811418658
1641, 1.98991811418658
1642, 1.98991811418658
1643, 1.98991811418658
1644, 1.98991811418658
1645, 1.98991811418658
1646, 1.98991811418658
1647, 1.98991811418658
1648, 1.98991811418658
1649, 1.98991811418658
1650, 1.98991811418658
1651, 1.98991811418658
1652, 1.98991811418658
1653, 1.98991811418658
1654, 1.98991811418658
1655, 1.98991811418658
1656, 1.98991811418658
1657, 1.98991811418658
1658, 1.98991811418658
1659, 1.98991811418658
1660, 1.98991811418658
1661, 1.98991811418658
1662, 1.98991811418658
1663, 1.98991811418658
1664, 1.98991811418658
1665, 1.98991811418658
1666, 1.98991811418658
1667, 1.98991811418658
1668, 1.98991811418658
1669, 1.98991811418658
1670, 1.98991811418658
1671, 1.98991811418658
1672, 1.98991811418658
1673, 1.98991811418658
1674, 1.98991811418658
1675, 1.98991811418658
1676, 1.98991811418658
1677, 1.98991811418658
1678, 1.98991811418658
1679, 1.98991811418658
1680, 1.98991811418658
1681, 1.98991811418658
1682, 1.98991811418658
1683, 1.98991811418658
1684, 1.98991811418658
1685, 1.98991811418658
1686, 1.98991811418658
1687, 1.98991811418658
1688, 1.98991811418658
1689, 1.98991811418658
1690, 1.98991811418658
1691, 1.98991811418658
1692, 1.98991811418658
1693, 1.98991811418658
1694, 1.98991811418658
1695, 1.98991811418658
1696, 1.98991811418658
1697, 1.98991811418658
1698, 1.98991811418658
1699, 1.98991811418658
1700, 1.98991811418658
1701, 1.98991811418658
1702, 1.98991811418658
1703, 1.98991811418658
1704, 1.98991811418658
1705, 1.98991811418658
1706, 1.98991811418658
1707, 1.98991811418658
1708, 1.98991811418658
1709, 1.98991811418658
1710, 1.98991811418658
1711, 1.98991811418658
1712, 1.98991811418658
1713, 1.98991811418658
1714, 1.98991811418658
1715, 1.98991811418658
1716, 1.98991811418658
1717, 1.98991811418658
1718, 1.98991811418658
1719, 1.98991811418658
1720, 1.98991811418658
1721, 1.98991811418658
1722, 1.98991811418658
1723, 1.98991811418658
1724, 1.98991811418658
1725, 1.98991811418658
1726, 1.98991811418658
1727, 1.98991811418658
1728, 1.98991811418658
1729, 1.98991811418658
1730, 1.98991811418658
1731, 1.98991811418658
1732, 1.98991811418658
1733, 1.98991811418658
1734, 1.98991811418658
1735, 1.98991811418658
1736, 1.98991811418658
1737, 1.98991811418658
1738, 1.98991811418658
1739, 1.98991811418658
1740, 1.98991811418658
1741, 1.98991811418658
1742, 1.98991811418658
1743, 1.98991811418658
1744, 1.98991811418658
1745, 1.98991811418658
1746, 1.98991811418658
1747, 1.98991811418658
1748, 1.98991811418658
1749, 1.98991811418658
1750, 1.98991811418658
1751, 1.98991811418658
1752, 1.98991811418658
1753, 1.98991811418658
1754, 1.98991811418658
1755, 1.98991811418658
1756, 1.98991811418658
1757, 1.98991811418658
1758, 1.98991811418658
1759, 1.98991811418658
1760, 1.98991811418658
1761, 1.98991811418658
1762, 1.98991811418658
1763, 1.98991811418658
1764, 1.98991811418658
1765, 1.98991811418658
1766, 1.98991811418658
1767, 1.98991811418658
1768, 1.98991811418658
1769, 1.98991811418658
1770, 1.98991811418658
1771, 1.98991811418658
1772, 1.98991811418658
1773, 1.98991811418658
1774, 1.98991811418658
1775, 1.98991811418658
1776, 1.98991811418658
1777, 1.98991811418658
1778, 1.98991811418658
1779, 1.98991811418658
1780, 1.98991811418658
1781, 1.98991811418658
1782, 1.98991811418658
1783, 1.98991811418658
1784, 1.98991811418658
1785, 1.98991811418658
1786, 1.98991811418658
1787, 1.98991811418658
1788, 1.98991811418658
1789, 1.98991811418658
1790, 1.98991811418658
1791, 1.98991811418658
1792, 1.98991811418658
1793, 1.98991811418658
1794, 1.98991811418658
1795, 1.98991811418658
1796, 1.98991811418658
1797, 1.98991811418658
1798, 1.98991811418658
1799, 1.98991811418658
1800, 1.98991811418658
1801, 1.98991811418658
1802, 1.98991811418658
1803, 1.98991811418658
1804, 1.98991811418658
1805, 1.98991811418658
1806, 1.98991811418658
1807, 1.98991811418658
1808, 1.98991811418658
1809, 1.98991811418658
1810, 1.98991811418658
1811, 1.98991811418658
1812, 1.98991811418658
1813, 1.98991811418658
1814, 1.98991811418658
1815, 1.98991811418658
1816, 1.98991811418658
1817, 1.98991811418658
1818, 1.98991811418658
1819, 1.98991811418658
1820, 1.98991811418658
1821, 1.98991811418658
1822, 1.98991811418658
1823, 1.98991811418658
1824, 1.98991811418658
1825, 1.98991811418658
1826, 1.98991811418658
1827, 1.98991811418658
1828, 1.98991811418658
1829, 1.98991811418658
1830, 1.98991811418658
1831, 1.98991811418658
1832, 1.98991811418658
1833, 1.98991811418658
1834, 1.98991811418658
1835, 1.98991811418658
1836, 1.98991811418658
1837, 1.98991811418658
1838, 1.98991811418658
1839, 1.98991811418658
1840, 1.98991811418658
1841, 1.98991811418658
1842, 1.98991811418658
1843, 1.98991811418658
1844, 1.98991811418658
1845, 1.98991811418658
1846, 1.98991811418658
1847, 1.98991811418658
1848, 1.98991811418658
1849, 1.98991811418658
1850, 1.98991811418658
1851, 1.98991811418658
1852, 1.98991811418658
1853, 1.98991811418658
1854, 1.98991811418658
1855, 1.98991811418658
1856, 1.98991811418658
1857, 1.98991811418658
1858, 1.98991811418658
1859, 1.98991811418658
1860, 1.98991811418658
1861, 1.98991811418658
1862, 1.98991811418658
1863, 1.98991811418658
1864, 1.98991811418658
1865, 1.98991811418658
1866, 1.98991811418658
1867, 1.98991811418658
1868, 1.98991811418658
1869, 1.98991811418658
1870, 1.98991811418658
1871, 1.98991811418658
1872, 1.98991811418658
1873, 1.98991811418658
1874, 1.98991811418658
1875, 1.98991811418658
1876, 1.98991811418658
1877, 1.98991811418658
1878, 1.98991811418658
1879, 1.98991811418658
1880, 1.98991811418658
1881, 1.98991811418658
1882, 1.98991811418658
1883, 1.98991811418658
1884, 1.98991811418658
1885, 1.98991811418658
1886, 1.98991811418658
1887, 1.98991811418658
1888, 1.98991811418658
1889, 1.98991811418658
1890, 1.98991811418658
1891, 1.98991811418658
1892, 1.98991811418658
1893, 1.98991811418658
1894, 1.98991811418658
1895, 1.98991811418658
1896, 1.98991811418658
1897, 1.98991811418658
1898, 1.98991811418658
1899, 1.98991811418658
1900, 1.98991811418658
1901, 1.98991811418658
1902, 1.98991811418658
1903, 1.98991811418658
1904, 1.98991811418658
1905, 1.98991811418658
1906, 1.98991811418658
1907, 1.98991811418658
1908, 1.98991811418658
1909, 1.98991811418658
1910, 1.98991811418658
1911, 1.98991811418658
1912, 1.98991811418658
1913, 1.98991811418658
1914, 1.98991811418658
1915, 1.98991811418658
1916, 1.98991811418658
1917, 1.98991811418658
1918, 1.98991811418658
1919, 1.98991811418658
1920, 1.98991811418658
1921, 1.98991811418658
1922, 1.98991811418658
1923, 1.98991811418658
1924, 1.98991811418658
1925, 1.98991811418658
1926, 1.98991811418658
1927, 1.98991811418658
1928, 1.98991811418658
1929, 1.98991811418658
1930, 1.98991811418658
1931, 1.98991811418658
1932, 1.98991811418658
1933, 1.98991811418658
1934, 1.98991811418658
1935, 1.98991811418658
1936, 1.98991811418658
1937, 1.98991811418658
1938, 1.98991811418658
1939, 1.98991811418658
1940, 1.98991811418658
1941, 1.98991811418658
1942, 1.98991811418658
1943, 1.98991811418658
1944, 1.98991811418658
1945, 1.98991811418658
1946, 1.98991811418658
1947, 1.98991811418658
1948, 1.98991811418658
1949, 1.98991811418658
1950, 1.98991811418658
1951, 1.98991811418658
1952, 1.98991811418658
1953, 1.98991811418658
1954, 1.98991811418658
1955, 1.98991811418658
1956, 1.98991811418658
1957, 1.98991811418658
1958, 1.98991811418658
1959, 1.98991811418658
1960, 1.98991811418658
1961, 1.98991811418658
1962, 1.98991811418658
1963, 1.98991811418658
1964, 1.98991811418658
1965, 1.98991811418658
1966, 1.98991811418658
1967, 1.98991811418658
1968, 1.98991811418658
1969, 1.98991811418658
1970, 1.98991811418658
1971, 1.98991811418658
1972, 1.98991811418658
1973, 1.98991811418658
1974, 1.98991811418658
1975, 1.98991811418658
1976, 1.98991811418658
1977, 1.98991811418658
1978, 1.98991811418658
1979, 1.98991811418658
1980, 1.98991811418658
1981, 1.98991811418658
1982, 1.98991811418658
1983, 1.98991811418658
1984, 1.98991811418658
1985, 1.98991811418658
1986, 1.98991811418658
1987, 1.98991811418658
1988, 1.98991811418658
1989, 1.98991811418658
1990, 1.98991811418658
1991, 1.98991811418658
1992, 1.98991811418658
1993, 1.98991811418658
1994, 1.98991811418658
1995, 1.98991811418658
1996, 1.98991811418658
1997, 1.98991811418658
1998, 1.98991811418658
1999, 1.98991811418658
2000, 1.98991811418658
2001, 1.98991811418658
2002, 1.98991811418658
2003, 1.98991811418658
2004, 1.98991811418658
2005, 1.98991811418658
2006, 1.98991811418658
2007, 1.98991811418658
2008, 1.98991811418658
2009, 1.98991811418658
2010, 1.98991811418658
2011, 1.98991811418658
2012, 1.98991811418658
2013, 1.98991811418658
2014, 1.98991811418658
2015, 1.98991811418658
2016, 1.98991811418658
2017, 1.98991811418658
2018, 1.98991811418658
2019, 1.98991811418658
2020, 1.98991811418658
2021, 1.98991811418658
2022, 1.98991811418658
2023, 1.98991811418658
2024, 1.98991811418658
2025, 1.98991811418658
2026, 1.98991811418658
2027, 1.98991811418658
2028, 1.98991811418658
2029, 1.98991811418658
2030, 1.98991811418658
2031, 1.98991811418658
2032, 1.98991811418658
2033, 1.98991811418658
2034, 1.98991811418658
2035, 1.98991811418658
2036, 1.98991811418658
2037, 1.98991811418658
2038, 1.98991811418658
2039, 1.98991811418658
2040, 1.98991811418658
2041, 1.98991811418658
2042, 1.98991811418658
2043, 1.98991811418658
2044, 1.98991811418658
2045, 1.98991811418658
2046, 1.98991811418658
2047, 1.98991811418658
2048, 1.98991811418658
2049, 1.98991811418658
2050, 1.98991811418658
2051, 1.98991811418658
2052, 1.98991811418658
2053, 1.98991811418658
2054, 1.98991811418658
2055, 1.98991811418658
2056, 1.98991811418658
2057, 1.98991811418658
2058, 1.98991811418658
2059, 1.98991811418658
2060, 1.98991811418658
2061, 1.98991811418658
2062, 1.98991811418658
2063, 1.98991811418658
2064, 1.98991811418658
2065, 1.98991811418658
2066, 1.98991811418658
2067, 1.98991811418658
2068, 1.98991811418658
2069, 1.98991811418658
2070, 1.98991811418658
2071, 1.98991811418658
2072, 1.98991811418658
2073, 1.98991811418658
2074, 1.98991811418658
2075, 1.98991811418658
2076, 1.98991811418658
2077, 1.98991811418658
2078, 1.98991811418658
2079, 1.98991811418658
2080, 1.98991811418658
2081, 1.98991811418658
2082, 1.98991811418658
2083, 1.98991811418658
2084, 1.98991811418658
2085, 1.98991811418658
2086, 1.98991811418658
2087, 1.98991811418658
2088, 1.98991811418658
2089, 1.98991811418658
2090, 1.98991811418658
2091, 1.98991811418658
2092, 1.98991811418658
2093, 1.98991811418658
2094, 1.98991811418658
2095, 1.98991811418658
2096, 1.98991811418658
2097, 1.98991811418658
2098, 1.98991811418658
2099, 1.98991811418658
2100, 1.98991811418658
2101, 1.98991811418658
2102, 1.98991811418658
2103, 1.98991811418658
2104, 1.98991811418658
2105, 1.98991811418658
2106, 1.98991811418658
2107, 1.98991811418658
2108, 1.98991811418658
2109, 1.98991811418658
2110, 1.98991811418658
2111, 1.98991811418658
2112, 1.98991811418658
2113, 1.98991811418658
2114, 1.98991811418658
2115, 1.98991811418658
2116, 1.98991811418658
2117, 1.98991811418658
2118, 1.98991811418658
2119, 1.98991811418658
2120, 1.98991811418658
2121, 1.98991811418658
2122, 1.98991811418658
2123, 1.98991811418658
2124, 1.98991811418658
2125, 1.98991811418658
2126, 1.98991811418658
2127, 1.98991811418658
2128, 1.98991811418658
2129, 1.98991811418658
2130, 1.98991811418658
2131, 1.98991811418658
2132, 1.98991811418658
2133, 1.98991811418658
2134, 1.98991811418658
2135, 1.98991811418658
2136, 1.98991811418658
2137, 1.98991811418658
2138, 1.98991811418658
2139, 1.98991811418658
2140, 1.98991811418658
2141, 1.98991811418658
2142, 1.98991811418658
2143, 1.98991811418658
2144, 1.98991811418658
2145, 1.98991811418658
2146, 1.98991811418658
2147, 1.98991811418658
2148, 1.98991811418658
2149, 1.98991811418658
2150, 1.98991811418658
2151, 1.98991811418658
2152, 1.98991811418658
2153, 1.98991811418658
2154, 1.98991811418658
2155, 1.98991811418658
2156, 1.98991811418658
2157, 1.98991811418658
2158, 1.98991811418658
2159, 1.98991811418658
2160, 1.98991811418658
2161, 1.98991811418658
2162, 1.98991811418658
2163, 1.98991811418658
2164, 1.98991811418658
2165, 1.98991811418658
2166, 1.98991811418658
2167, 1.98991811418658
2168, 1.98991811418658
2169, 1.98991811418658
2170, 1.98991811418658
2171, 1.98991811418658
2172, 1.98991811418658
2173, 1.98991811418658
2174, 1.98991811418658
2175, 1.98991811418658
2176, 1.98991811418658
2177, 1.98991811418658
2178, 1.98991811418658
2179, 1.98991811418658
2180, 1.98991811418658
2181, 1.98991811418658
2182, 1.98991811418658
2183, 1.98991811418658
2184, 1.98991811418658
2185, 1.98991811418658
2186, 1.98991811418658
2187, 1.98991811418658
2188, 1.98991811418658
2189, 1.98991811418658
2190, 1.98991811418658
2191, 1.98991811418658
2192, 1.98991811418658
2193, 1.98991811418658
2194, 1.98991811418658
2195, 1.98991811418658
2196, 1.98991811418658
2197, 1.98991811418658
2198, 1.98991811418658
2199, 1.98991811418658
2200, 1.98991811418658
2201, 1.98991811418658
2202, 1.98991811418658
2203, 1.98991811418658
2204, 1.98991811418658
2205, 1.98991811418658
2206, 1.98991811418658
2207, 1.98991811418658
2208, 1.98991811418658
2209, 1.98991811418658
2210, 1.98991811418658
2211, 1.98991811418658
2212, 1.98991811418658
2213, 1.98991811418658
2214, 1.98991811418658
2215, 1.98991811418658
2216, 1.98991811418658
2217, 1.98991811418658
2218, 1.98991811418658
2219, 1.98991811418658
2220, 1.98991811418658
2221, 1.98991811418658
2222, 1.98991811418658
2223, 1.98991811418658
2224, 1.98991811418658
2225, 1.98991811418658
2226, 1.98991811418658
2227, 1.98991811418658
2228, 1.98991811418658
2229, 1.98991811418658
2230, 1.98991811418658
2231, 1.98991811418658
2232, 1.98991811418658
2233, 1.98991811418658
2234, 1.98991811418658
2235, 1.98991811418658
2236, 1.98991811418658
2237, 1.98991811418658
2238, 1.98991811418658
2239, 1.98991811418658
2240, 1.98991811418658
2241, 1.98991811418658
2242, 1.98991811418658
2243, 1.98991811418658
2244, 1.98991811418658
2245, 1.98991811418658
2246, 1.98991811418658
2247, 1.98991811418658
2248, 1.98991811418658
2249, 1.98991811418658
2250, 1.98991811418658
2251, 1.98991811418658
2252, 1.98991811418658
2253, 1.98991811418658
2254, 1.98991811418658
2255, 1.98991811418658
2256, 1.98991811418658
2257, 1.98991811418658
2258, 1.98991811418658
2259, 1.98991811418658
2260, 1.98991811418658
2261, 1.98991811418658
2262, 1.98991811418658
2263, 1.98991811418658
2264, 1.98991811418658
2265, 1.98991811418658
2266, 1.98991811418658
2267, 1.98991811418658
2268, 1.98991811418658
2269, 1.98991811418658
2270, 1.98991811418658
2271, 1.98991811418658
2272, 1.98991811418658
2273, 1.98991811418658
2274, 1.98991811418658
2275, 1.98991811418658
2276, 1.98991811418658
2277, 1.98991811418658
2278, 1.98991811418658
2279, 1.98991811418658
2280, 1.98991811418658
2281, 1.98991811418658
2282, 1.98991811418658
2283, 1.98991811418658
2284, 1.98991811418658
2285, 1.98991811418658
2286, 1.98991811418658
2287, 1.98991811418658
2288, 1.98991811418658
2289, 1.98991811418658
2290, 1.98991811418658
2291, 1.98991811418658
2292, 1.98991811418658
2293, 1.98991811418658
2294, 1.98991811418658
2295, 1.98991811418658
2296, 1.98991811418658
2297, 1.98991811418658
2298, 1.98991811418658
2299, 1.98991811418658
2300, 1.98991811418658
2301, 1.98991811418658
2302, 1.98991811418658
2303, 1.98991811418658
2304, 1.98991811418658
2305, 1.98991811418658
2306, 1.98991811418658
2307, 1.98991811418658
2308, 1.98991811418658
2309, 1.98991811418658
2310, 1.98991811418658
2311, 1.98991811418658
2312, 1.98991811418658
2313, 1.98991811418658
2314, 1.98991811418658
2315, 1.98991811418658
2316, 1.98991811418658
2317, 1.98991811418658
2318, 1.98991811418658
2319, 1.98991811418658
2320, 1.98991811418658
2321, 1.98991811418658
2322, 1.98991811418658
2323, 1.98991811418658
2324, 1.98991811418658
2325, 1.98991811418658
2326, 1.98991811418658
2327, 1.98991811418658
2328, 1.98991811418658
2329, 1.98991811418658
2330, 1.98991811418658
2331, 1.98991811418658
2332, 1.98991811418658
2333, 1.98991811418658
2334, 1.98991811418658
2335, 1.98991811418658
2336, 1.98991811418658
2337, 1.98991811418658
2338, 1.98991811418658
2339, 1.98991811418658
2340, 1.98991811418658
2341, 1.98991811418658
2342, 1.98991811418658
2343, 1.98991811418658
2344, 1.98991811418658
2345, 1.98991811418658
2346, 1.98991811418658
2347, 1.98991811418658
2348, 1.98991811418658
2349, 1.98991811418658
2350, 1.98991811418658
2351, 1.98991811418658
2352, 1.98991811418658
2353, 1.98991811418658
2354, 1.98991811418658
2355, 1.98991811418658
2356, 1.98991811418658
2357, 1.98991811418658
2358, 1.98991811418658
2359, 1.98991811418658
2360, 1.98991811418658
2361, 1.98991811418658
2362, 1.98991811418658
2363, 1.98991811418658
2364, 1.98991811418658
2365, 1.98991811418658
2366, 1.98991811418658
2367, 1.98991811418658
2368, 1.98991811418658
2369, 1.98991811418658
2370, 1.98991811418658
2371, 1.98991811418658
2372, 1.98991811418658
2373, 1.98991811418658
2374, 1.98991811418658
2375, 1.98991811418658
2376, 1.98991811418658
2377, 1.98991811418658
2378, 1.98991811418658
2379, 1.98991811418658
2380, 1.98991811418658
2381, 1.98991811418658
2382, 1.98991811418658
2383, 1.98991811418658
2384, 1.98991811418658
2385, 1.98991811418658
2386, 1.98991811418658
2387, 1.98991811418658
2388, 1.98991811418658
2389, 1.98991811418658
2390, 1.98991811418658
2391, 1.98991811418658
2392, 1.98991811418658
2393, 1.98991811418658
2394, 1.98991811418658
2395, 1.98991811418658
2396, 1.98991811418658
2397, 1.98991811418658
2398, 1.98991811418658
2399, 1.98991811418658
2400, 1.98991811418658
2401, 1.98991811418658
2402, 1.98991811418658
2403, 1.98991811418658
2404, 1.98991811418658
2405, 1.98991811418658
2406, 1.98991811418658
2407, 1.98991811418658
2408, 1.98991811418658
2409, 1.98991811418658
2410, 1.98991811418658
2411, 1.98991811418658
2412, 1.98991811418658
2413, 1.98991811418658
2414, 1.98991811418658
2415, 1.98991811418658
2416, 1.98991811418658
2417, 1.98991811418658
2418, 1.98991811418658
2419, 1.98991811418658
2420, 1.98991811418658
2421, 1.98991811418658
2422, 1.98991811418658
2423, 1.98991811418658
2424, 1.98991811418658
2425, 1.98991811418658
2426, 1.98991811418658
2427, 1.98991811418658
2428, 1.98991811418658
2429, 1.98991811418658
2430, 1.98991811418658
2431, 1.98991811418658
2432, 1.98991811418658
2433, 1.98991811418658
2434, 1.98991811418658
2435, 1.98991811418658
2436, 1.98991811418658
2437, 1.98991811418658
2438, 1.98991811418658
2439, 1.98991811418658
2440, 1.98991811418658
2441, 1.98991811418658
2442, 1.98991811418658
2443, 1.98991811418658
2444, 1.98991811418658
2445, 1.98991811418658
2446, 1.98991811418658
2447, 1.98991811418658
2448, 1.98991811418658
2449, 1.98991811418658
2450, 1.98991811418658
2451, 1.98991811418658
2452, 1.98991811418658
2453, 1.98991811418658
2454, 1.98991811418658
2455, 1.98991811418658
2456, 1.98991811418658
2457, 1.98991811418658
2458, 1.98991811418658
2459, 1.98991811418658
2460, 1.98991811418658
2461, 1.98991811418658
2462, 1.98991811418658
2463, 1.98991811418658
2464, 1.98991811418658
2465, 1.98991811418658
2466, 1.98991811418658
2467, 1.98991811418658
2468, 1.98991811418658
2469, 1.98991811418658
2470, 1.98991811418658
2471, 1.98991811418658
2472, 1.98991811418658
2473, 1.98991811418658
2474, 1.98991811418658
2475, 1.98991811418658
2476, 1.98991811418658
2477, 1.98991811418658
2478, 1.98991811418658
2479, 1.98991811418658
2480, 1.98991811418658
2481, 1.98991811418658
2482, 1.98991811418658
2483, 1.98991811418658
2484, 1.98991811418658
2485, 1.98991811418658
2486, 1.98991811418658
2487, 1.98991811418658
2488, 1.98991811418658
2489, 1.98991811418658
2490, 1.98991811418658
2491, 1.98991811418658
2492, 1.98991811418658
2493, 1.98991811418658
2494, 1.98991811418658
2495, 1.98991811418658
2496, 1.98991811418658
2497, 1.98991811418658
2498, 1.98991811418658
2499, 1.98991811418658
2500, 1.98991811418658
2501, 1.98991811418658
2502, 1.98991811418658
2503, 1.98991811418658
2504, 1.98991811418658
2505, 1.98991811418658
2506, 1.98991811418658
2507, 1.98991811418658
2508, 1.98991811418658
2509, 1.98991811418658
2510, 1.98991811418658
2511, 1.98991811418658
2512, 1.98991811418658
2513, 1.98991811418658
2514, 1.98991811418658
2515, 1.98991811418658
2516, 1.98991811418658
2517, 1.98991811418658
2518, 1.98991811418658
2519, 1.98991811418658
2520, 1.98991811418658
2521, 1.98991811418658
2522, 1.98991811418658
2523, 1.98991811418658
2524, 1.98991811418658
2525, 1.98991811418658
2526, 1.98991811418658
2527, 1.98991811418658
2528, 1.98991811418658
2529, 1.98991811418658
2530, 1.98991811418658
2531, 1.98991811418658
2532, 1.98991811418658
2533, 1.98991811418658
2534, 1.98991811418658
2535, 1.98991811418658
2536, 1.98991811418658
2537, 1.98991811418658
2538, 1.98991811418658
2539, 1.98991811418658
2540, 1.98991811418658
2541, 1.98991811418658
2542, 1.98991811418658
2543, 1.98991811418658
2544, 1.98991811418658
2545, 1.98991811418658
2546, 1.98991811418658
2547, 1.98991811418658
2548, 1.98991811418658
2549, 1.98991811418658
2550, 1.98991811418658
2551, 1.98991811418658
2552, 1.98991811418658
2553, 1.98991811418658
2554, 1.98991811418658
2555, 1.98991811418658
2556, 1.98991811418658
2557, 1.98991811418658
2558, 1.98991811418658
2559, 1.98991811418658
2560, 1.98991811418658
2561, 1.98991811418658
2562, 1.98991811418658
2563, 1.98991811418658
2564, 1.98991811418658
2565, 1.98991811418658
2566, 1.98991811418658
2567, 1.98991811418658
2568, 1.98991811418658
2569, 1.98991811418658
2570, 1.98991811418658
2571, 1.98991811418658
2572, 1.98991811418658
2573, 1.98991811418658
2574, 1.98991811418658
2575, 1.98991811418658
2576, 1.98991811418658
2577, 1.98991811418658
2578, 1.98991811418658
2579, 1.98991811418658
2580, 1.98991811418658
2581, 1.98991811418658
2582, 1.98991811418658
2583, 1.98991811418658
2584, 1.98991811418658
2585, 1.98991811418658
2586, 1.98991811418658
2587, 1.98991811418658
2588, 1.98991811418658
2589, 1.98991811418658
2590, 1.98991811418658
2591, 1.98991811418658
2592, 1.98991811418658
2593, 1.98991811418658
2594, 1.98991811418658
2595, 1.98991811418658
2596, 1.98991811418658
2597, 1.98991811418658
2598, 1.98991811418658
2599, 1.98991811418658
2600, 1.98991811418658
2601, 1.98991811418658
2602, 1.98991811418658
2603, 1.98991811418658
2604, 1.98991811418658
2605, 1.98991811418658
2606, 1.98991811418658
2607, 1.98991811418658
2608, 1.98991811418658
2609, 1.98991811418658
2610, 1.98991811418658
2611, 1.98991811418658
2612, 1.98991811418658
2613, 1.98991811418658
2614, 1.98991811418658
2615, 1.98991811418658
2616, 1.98991811418658
2617, 1.98991811418658
2618, 1.98991811418658
2619, 1.98991811418658
2620, 1.98991811418658
2621, 1.98991811418658
2622, 1.98991811418658
2623, 1.98991811418658
2624, 1.98991811418658
2625, 1.98991811418658
2626, 1.98991811418658
2627, 1.98991811418658
2628, 1.98991811418658
2629, 1.98991811418658
2630, 1.98991811418658
2631, 1.98991811418658
2632, 1.98991811418658
2633, 1.98991811418658
2634, 1.98991811418658
2635, 1.98991811418658
2636, 1.98991811418658
2637, 1.98991811418658
2638, 1.98991811418658
2639, 1.98991811418658
2640, 1.98991811418658
2641, 1.98991811418658
2642, 1.98991811418658
2643, 1.98991811418658
2644, 1.98991811418658
2645, 1.98991811418658
2646, 1.98991811418658
2647, 1.98991811418658
2648, 1.98991811418658
2649, 1.98991811418658
2650, 1.98991811418658
2651, 1.98991811418658
2652, 1.98991811418658
2653, 1.98991811418658
2654, 1.98991811418658
2655, 1.98991811418658
2656, 1.98991811418658
2657, 1.98991811418658
2658, 1.98991811418658
2659, 1.98991811418658
2660, 1.98991811418658
2661, 1.98991811418658
2662, 1.98991811418658
2663, 1.98991811418658
2664, 1.98991811418658
2665, 1.98991811418658
2666, 1.98991811418658
2667, 1.98991811418658
2668, 1.98991811418658
2669, 1.98991811418658
2670, 1.98991811418658
2671, 1.98991811418658
2672, 1.98991811418658
2673, 1.98991811418658
2674, 1.98991811418658
2675, 1.98991811418658
2676, 1.98991811418658
2677, 1.98991811418658
2678, 1.98991811418658
2679, 1.98991811418658
2680, 1.98991811418658
2681, 1.98991811418658
2682, 1.98991811418658
2683, 1.98991811418658
2684, 1.98991811418658
2685, 1.98991811418658
2686, 1.98991811418658
2687, 1.98991811418658
2688, 1.98991811418658
2689, 1.98991811418658
2690, 1.98991811418658
2691, 1.98991811418658
2692, 1.98991811418658
2693, 1.98991811418658
2694, 1.98991811418658
2695, 1.98991811418658
2696, 1.98991811418658
2697, 1.98991811418658
2698, 1.98991811418658
2699, 1.98991811418658
2700, 1.98991811418658
2701, 1.98991811418658
2702, 1.98991811418658
2703, 1.98991811418658
2704, 1.98991811418658
2705, 1.98991811418658
2706, 1.98991811418658
2707, 1.98991811418658
2708, 1.98991811418658
2709, 1.98991811418658
2710, 1.98991811418658
2711, 1.98991811418658
2712, 1.98991811418658
2713, 1.98991811418658
2714, 1.98991811418658
2715, 1.98991811418658
2716, 1.98991811418658
2717, 1.98991811418658
2718, 1.98991811418658
2719, 1.98991811418658
2720, 1.98991811418658
2721, 1.98991811418658
2722, 1.98991811418658
2723, 1.98991811418658
2724, 1.98991811418658
2725, 1.98991811418658
2726, 1.98991811418658
2727, 1.98991811418658
2728, 1.98991811418658
2729, 1.98991811418658
2730, 1.98991811418658
2731, 1.98991811418658
2732, 1.98991811418658
2733, 1.98991811418658
2734, 1.98991811418658
2735, 1.98991811418658
2736, 1.98991811418658
2737, 1.98991811418658
2738, 1.98991811418658
2739, 1.98991811418658
2740, 1.98991811418658
2741, 1.98991811418658
2742, 1.98991811418658
2743, 1.98991811418658
2744, 1.98991811418658
2745, 1.98991811418658
2746, 1.98991811418658
2747, 1.98991811418658
2748, 1.98991811418658
2749, 1.98991811418658
2750, 1.98991811418658
2751, 1.98991811418658
2752, 1.98991811418658
2753, 1.98991811418658
2754, 1.98991811418658
2755, 1.98991811418658
2756, 1.98991811418658
2757, 1.98991811418658
2758, 1.98991811418658
2759, 1.98991811418658
2760, 1.98991811418658
2761, 1.98991811418658
2762, 1.98991811418658
2763, 1.98991811418658
2764, 1.98991811418658
2765, 1.98991811418658
2766, 1.98991811418658
2767, 1.98991811418658
2768, 1.98991811418658
2769, 1.98991811418658
2770, 1.98991811418658
2771, 1.98991811418658
2772, 1.98991811418658
2773, 1.98991811418658
2774, 1.98991811418658
2775, 1.98991811418658
2776, 1.98991811418658
2777, 1.98991811418658
2778, 1.98991811418658
2779, 1.98991811418658
2780, 1.98991811418658
2781, 1.98991811418658
2782, 1.98991811418658
2783, 1.98991811418658
2784, 1.98991811418658
2785, 1.98991811418658
2786, 1.98991811418658
2787, 1.98991811418658
2788, 1.98991811418658
2789, 1.98991811418658
2790, 1.98991811418658
2791, 1.98991811418658
2792, 1.98991811418658
2793, 1.98991811418658
2794, 1.98991811418658
2795, 1.98991811418658
2796, 1.98991811418658
2797, 1.98991811418658
2798, 1.98991811418658
2799, 1.98991811418658
2800, 1.98991811418658
2801, 1.98991811418658
2802, 1.98991811418658
2803, 1.98991811418658
2804, 1.98991811418658
2805, 1.98991811418658
2806, 1.98991811418658
2807, 1.98991811418658
2808, 1.98991811418658
2809, 1.98991811418658
2810, 1.98991811418658
2811, 1.98991811418658
2812, 1.98991811418658
2813, 1.98991811418658
2814, 1.98991811418658
2815, 1.98991811418658
2816, 1.98991811418658
2817, 1.98991811418658
2818, 1.98991811418658
2819, 1.98991811418658
2820, 1.98991811418658
2821, 1.98991811418658
2822, 1.98991811418658
2823, 1.98991811418658
2824, 1.98991811418658
2825, 1.98991811418658
2826, 1.98991811418658
2827, 1.98991811418658
2828, 1.98991811418658
2829, 1.98991811418658
2830, 1.98991811418658
2831, 1.98991811418658
2832, 1.98991811418658
2833, 1.98991811418658
2834, 1.98991811418658
2835, 1.98991811418658
2836, 1.98991811418658
2837, 1.98991811418658
2838, 1.98991811418658
2839, 1.98991811418658
2840, 1.98991811418658
2841, 1.98991811418658
2842, 1.98991811418658
2843, 1.98991811418658
2844, 1.98991811418658
2845, 1.98991811418658
2846, 1.98991811418658
2847, 1.98991811418658
2848, 1.98991811418658
2849, 1.98991811418658
2850, 1.98991811418658
2851, 1.98991811418658
2852, 1.98991811418658
2853, 1.98991811418658
2854, 1.98991811418658
2855, 1.98991811418658
2856, 1.98991811418658
2857, 1.98991811418658
2858, 1.98991811418658
2859, 1.98991811418658
2860, 1.98991811418658
2861, 1.98991811418658
2862, 1.98991811418658
2863, 1.98991811418658
2864, 1.98991811418658
2865, 1.98991811418658
2866, 1.98991811418658
2867, 1.98991811418658
2868, 1.98991811418658
2869, 1.98991811418658
2870, 1.98991811418658
2871, 1.98991811418658
2872, 1.98991811418658
2873, 1.98991811418658
2874, 1.98991811418658
2875, 1.98991811418658
2876, 1.98991811418658
2877, 1.98991811418658
2878, 1.98991811418658
2879, 1.98991811418658
2880, 1.98991811418658
2881, 1.98991811418658
2882, 1.98991811418658
2883, 1.98991811418658
2884, 1.98991811418658
2885, 1.98991811418658
2886, 1.98991811418658
2887, 1.98991811418658
2888, 1.98991811418658
2889, 1.98991811418658
2890, 1.98991811418658
2891, 1.98991811418658
2892, 1.98991811418658
2893, 1.98991811418658
2894, 1.98991811418658
2895, 1.98991811418658
2896, 1.98991811418658
2897, 1.98991811418658
2898, 1.98991811418658
2899, 1.98991811418658
2900, 1.98991811418658
2901, 1.98991811418658
2902, 1.98991811418658
2903, 1.98991811418658
2904, 1.98991811418658
2905, 1.98991811418658
2906, 1.98991811418658
2907, 1.98991811418658
2908, 1.98991811418658
2909, 1.98991811418658
2910, 1.98991811418658
2911, 1.98991811418658
2912, 1.98991811418658
2913, 1.98991811418658
2914, 1.98991811418658
2915, 1.98991811418658
2916, 1.98991811418658
2917, 1.98991811418658
2918, 1.98991811418658
2919, 1.98991811418658
2920, 1.98991811418658
2921, 1.98991811418658
2922, 1.98991811418658
2923, 1.98991811418658
2924, 1.98991811418658
2925, 1.98991811418658
2926, 1.98991811418658
2927, 1.98991811418658
2928, 1.98991811418658
2929, 1.98991811418658
2930, 1.98991811418658
2931, 1.98991811418658
2932, 1.98991811418658
2933, 1.98991811418658
2934, 1.98991811418658
2935, 1.98991811418658
2936, 1.98991811418658
2937, 1.98991811418658
2938, 1.98991811418658
2939, 1.98991811418658
2940, 1.98991811418658
2941, 1.98991811418658
2942, 1.98991811418658
2943, 1.98991811418658
2944, 1.98991811418658
2945, 1.98991811418658
2946, 1.98991811418658
2947, 1.98991811418658
2948, 1.98991811418658
2949, 1.98991811418658
2950, 1.98991811418658
2951, 1.98991811418658
2952, 1.98991811418658
2953, 1.98991811418658
2954, 1.98991811418658
2955, 1.98991811418658
2956, 1.98991811418658
2957, 1.98991811418658
2958, 1.98991811418658
2959, 1.98991811418658
2960, 1.98991811418658
2961, 1.98991811418658
2962, 1.98991811418658
2963, 1.98991811418658
2964, 1.98991811418658
2965, 1.98991811418658
2966, 1.98991811418658
2967, 1.98991811418658
2968, 1.98991811418658
2969, 1.98991811418658
2970, 1.98991811418658
2971, 1.98991811418658
2972, 1.98991811418658
2973, 1.98991811418658
2974, 1.98991811418658
2975, 1.98991811418658
2976, 1.98991811418658
2977, 1.98991811418658
2978, 1.98991811418658
2979, 1.98991811418658
2980, 1.98991811418658
2981, 1.98991811418658
2982, 1.98991811418658
2983, 1.98991811418658
2984, 1.98991811418658
2985, 1.98991811418658
2986, 1.98991811418658
2987, 1.98991811418658
2988, 1.98991811418658
2989, 1.98991811418658
2990, 1.98991811418658
2991, 1.98991811418658
2992, 1.98991811418658
2993, 1.98991811418658
2994, 1.98991811418658
2995, 1.98991811418658
2996, 1.98991811418658
2997, 1.98991811418658
2998, 1.98991811418658
2999, 1.98991811418658
