0, 97.2175865769006
1, 97.2175865769006
2, 97.2175865769006
3, 91.9735499553146
4, 91.9735499553146
5, 91.9735499553146
6, 91.9735499553146
7, 91.9735499553146
8, 91.9735499553146
9, 91.9735499553146
10, 91.9735499553146
11, 71.9381486259244
12, 68.7833733762957
13, 68.7833733762957
14, 68.7833733762957
15, 68.7833733762957
16, 68.7833733762957
17, 68.7833733762957
18, 68.7833733762957
19, 68.7833733762957
20, 68.7833733762957
21, 68.7833733762957
22, 68.7833733762957
23, 68.7833733762957
24, 68.7833733762957
25, 68.7833733762957
26, 68.7833733762957
27, 68.7833733762957
28, 61.8394570249671
29, 61.8394570249671
30, 61.8394570249671
31, 61.8394570249671
32, 61.8394570249671
33, 53.9142550648895
34, 53.9142550648895
35, 53.9142550648895
36, 53.9142550648895
37, 53.9142550648895
38, 53.9142550648895
39, 53.9142550648895
40, 52.3211016501445
41, 52.3211016501445
42, 41.3916227896315
43, 39.94536270623
44, 39.94536270623
45, 39.94536270623
46, 39.94536270623
47, 39.94536270623
48, 39.94536270623
49, 39.94536270623
50, 39.94536270623
51, 39.94536270623
52, 39.94536270623
53, 39.94536270623
54, 39.94536270623
55, 39.94536270623
56, 39.94536270623
57, 39.94536270623
58, 39.94536270623
59, 39.94536270623
60, 39.94536270623
61, 37.936859748746
62, 37.936859748746
63, 37.936859748746
64, 37.936859748746
65, 37.936859748746
66, 37.3170520534743
67, 37.3170520534743
68, 37.3170520534743
69, 37.3170520534743
70, 37.3170520534743
71, 37.3170520534743
72, 37.3170520534743
73, 37.3170520534743
74, 37.3170520534743
75, 29.6561591810349
76, 26.3908320175219
77, 26.3908320175219
78, 24.7964733416687
79, 24.7964733416687
80, 24.7964733416687
81, 24.7964733416687
82, 24.7964733416687
83, 24.7964733416687
84, 24.7964733416687
85, 24.7964733416687
86, 24.7964733416687
87, 24.7964733416687
88, 22.6577674142897
89, 22.6577674142897
90, 22.6577674142897
91, 22.6577674142897
92, 22.6577674142897
93, 22.6577674142897
94, 22.6577674142897
95, 22.6577674142897
96, 22.6577674142897
97, 15.4050137431774
98, 15.4050137431774
99, 15.4050137431774
100, 15.4050137431774
101, 15.4050137431774
102, 15.4050137431774
103, 15.4050137431774
104, 15.4050137431774
105, 15.4050137431774
106, 15.4050137431774
107, 15.4050137431774
108, 15.4050137431774
109, 15.4050137431774
110, 15.4050137431774
111, 15.4050137431774
112, 15.4050137431774
113, 15.4050137431774
114, 15.4050137431774
115, 15.4050137431774
116, 15.4050137431774
117, 15.4050137431774
118, 14.6027744161392
119, 14.6027744161392
120, 14.6027744161392
121, 14.6027744161392
122, 14.6027744161392
123, 14.6027744161392
124, 14.6027744161392
125, 14.6027744161392
126, 14.6027744161392
127, 14.6027744161392
128, 14.6027744161392
129, 14.6027744161392
130, 14.6027744161392
131, 14.6027744161392
132, 14.6027744161392
133, 14.6027744161392
134, 12.2270245245231
135, 12.2270245245231
136, 12.2270245245231
137, 12.2270245245231
138, 12.2270245245231
139, 12.2270245245231
140, 12.2270245245231
141, 12.2270245245231
142, 12.2270245245231
143, 12.2270245245231
144, 12.2270245245231
145, 12.2270245245231
146, 12.2270245245231
147, 12.2270245245231
148, 12.2270245245231
149, 12.2270245245231
150, 12.2270245245231
151, 12.2270245245231
152, 12.2270245245231
153, 12.2270245245231
154, 12.2270245245231
155, 12.2270245245231
156, 12.2270245245231
157, 12.2270245245231
158, 12.2270245245231
159, 12.2270245245231
160, 12.2270245245231
161, 12.2270245245231
162, 12.2270245245231
163, 12.2270245245231
164, 12.2270245245231
165, 12.2270245245231
166, 12.2270245245231
167, 12.2270245245231
168, 12.2270245245231
169, 12.2270245245231
170, 12.2270245245231
171, 12.2270245245231
172, 12.2270245245231
173, 12.2270245245231
174, 12.2270245245231
175, 12.2270245245231
176, 11.091910504093
177, 11.091910504093
178, 11.091910504093
179, 11.091910504093
180, 11.091910504093
181, 11.091910504093
182, 11.091910504093
183, 11.091910504093
184, 11.091910504093
185, 11.091910504093
186, 11.091910504093
187, 11.091910504093
188, 11.091910504093
189, 11.091910504093
190, 8.91672469294973
191, 8.91672469294973
192, 8.91672469294973
193, 8.91672469294973
194, 8.91672469294973
195, 8.91672469294973
196, 8.91672469294973
197, 8.91672469294973
198, 8.91672469294973
199, 8.91672469294973
200, 8.91672469294973
201, 8.91672469294973
202, 8.91672469294973
203, 8.91672469294973
204, 8.91672469294973
205, 8.91672469294973
206, 8.91672469294973
207, 8.91672469294973
208, 8.91672469294973
209, 8.91672469294973
210, 8.91672469294973
211, 8.91672469294973
212, 8.91672469294973
213, 8.91672469294973
214, 8.91672469294973
215, 8.91672469294973
216, 8.91672469294973
217, 8.91672469294973
218, 8.91672469294973
219, 8.91672469294973
220, 8.91672469294973
221, 8.91672469294973
222, 8.91672469294973
223, 7.5360271836252
224, 7.5360271836252
225, 7.5360271836252
226, 7.5360271836252
227, 6.10886630824817
228, 6.10886630824817
229, 6.10886630824817
230, 6.10886630824817
231, 6.10886630824817
232, 6.10886630824817
233, 6.10886630824817
234, 6.10886630824817
235, 6.10886630824817
236, 6.10886630824817
237, 6.10886630824817
238, 6.10886630824817
239, 6.10886630824817
240, 6.10886630824817
241, 6.10886630824817
242, 6.10886630824817
243, 6.10886630824817
244, 6.10886630824817
245, 6.10886630824817
246, 6.10886630824817
247, 6.10886630824817
248, 6.10886630824817
249, 6.10886630824817
250, 6.10886630824817
251, 6.10886630824817
252, 6.10886630824817
253, 6.10886630824817
254, 6.10886630824817
255, 6.10886630824817
256, 6.10886630824817
257, 6.10886630824817
258, 6.10886630824817
259, 6.10886630824817
260, 6.10886630824817
261, 6.10886630824817
262, 6.10886630824817
263, 6.10886630824817
264, 6.10886630824817
265, 6.10886630824817
266, 6.03374543069092
267, 6.03374543069092
268, 6.03374543069092
269, 6.03374543069092
270, 5.6498451788464
271, 5.6498451788464
272, 5.6498451788464
273, 5.6498451788464
274, 5.6498451788464
275, 5.6498451788464
276, 5.6498451788464
277, 5.6498451788464
278, 5.6498451788464
279, 5.6498451788464
280, 5.6498451788464
281, 5.6498451788464
282, 5.6498451788464
283, 5.6498451788464
284, 5.6498451788464
285, 5.6498451788464
286, 5.6498451788464
287, 5.41582019457594
288, 5.41582019457594
289, 5.41582019457594
290, 5.41582019457594
291, 4.31458164405209
292, 4.31458164405209
293, 4.31458164405209
294, 4.31458164405209
295, 4.31458164405209
296, 4.31458164405209
297, 4.31458164405209
298, 4.31458164405209
299, 4.31458164405209
300, 4.31458164405209
301, 4.31458164405209
302, 4.31458164405209
303, 4.31458164405209
304, 4.31458164405209
305, 4.31458164405209
306, 4.31458164405209
307, 4.31458164405209
308, 3.21738426242469
309, 3.21738426242469
310, 3.21738426242469
311, 3.21738426242469
312, 3.21738426242469
313, 3.21738426242469
314, 3.21738426242469
315, 3.21738426242469
316, 3.21738426242469
317, 3.21738426242469
318, 3.21738426242469
319, 3.21738426242469
320, 3.21738426242469
321, 3.21738426242469
322, 3.21738426242469
323, 3.21738426242469
324, 3.21738426242469
325, 3.21738426242469
326, 3.21738426242469
327, 3.21738426242469
328, 3.21738426242469
329, 3.21738426242469
330, 3.21738426242469
331, 3.21738426242469
332, 3.21738426242469
333, 3.21738426242469
334, 3.21738426242469
335, 3.21738426242469
336, 3.21738426242469
337, 3.21738426242469
338, 3.21738426242469
339, 3.21738426242469
340, 3.21738426242469
341, 3.21738426242469
342, 3.21738426242469
343, 2.78633813628601
344, 2.31981111718967
345, 2.31981111718967
346, 1.63631070229174
347, 1.63631070229174
348, 1.63631070229174
349, 1.63631070229174
350, 1.63631070229174
351, 1.63631070229174
352, 1.63631070229174
353, 1.63631070229174
354, 1.63631070229174
355, 1.63631070229174
356, 1.63631070229174
357, 1.63631070229174
358, 1.63631070229174
359, 1.63631070229174
360, 1.63631070229174
361, 1.63631070229174
362, 1.63631070229174
363, 1.63631070229174
364, 1.63631070229174
365, 1.63631070229174
366, 1.63631070229174
367, 1.55135710712484
368, 1.55135710712484
369, 1.55135710712484
370, 1.55135710712484
371, 1.55135710712484
372, 1.55135710712484
373, 1.55135710712484
374, 1.55135710712484
375, 1.55135710712484
376, 1.53389311496097
377, 1.53389311496097
378, 1.53389311496097
379, 1.3154049867558
380, 1.27003006195059
381, 0.904799839914325
382, 0.904799839914325
383, 0.904799839914325
384, 0.904799839914325
385, 0.904799839914325
386, 0.904799839914325
387, 0.842875431691862
388, 0.842875431691862
389, 0.822299679915682
390, 0.822299679915682
391, 0.822299679915682
392, 0.822299679915682
393, 0.822299679915682
394, 0.822299679915682
395, 0.660265766979702
396, 0.660265766979702
397, 0.220858615012988
398, 0.220858615012988
399, 0.220858615012988
400, 0.220858615012988
401, 0.220858615012988
402, 0.220858615012988
403, 0.220858615012988
404, 0.220858615012988
405, 0.220858615012988
406, 0.220858615012988
407, 0.220858615012988
408, 0.220858615012988
409, 0.220858615012988
410, 0.220858615012988
411, 0.220858615012988
412, 0.19917118181379
413, 0.19917118181379
414, 0.19917118181379
415, 0.19917118181379
416, 0.128219994677178
417, 0.128219994677178
418, 0.0742917075910174
419, 0.0742917075910174
420, 0.0677134617883102
421, 0.0617251345192091
422, 0.0617251345192091
423, 0.0617251345192091
424, 0.0617251345192091
425, 0.0617251345192091
426, 0.0617251345192091
427, 0.0617251345192091
428, 0.0617251345192091
429, 0.0617251345192091
430, 0.0617251345192091
431, 0.0603663476511596
432, 0.0603663476511596
433, 0.0603663476511596
434, 0.0603663476511596
435, 0.0603663476511596
436, 0.0494678644726569
437, 0.0494678644726569
438, 0.0494678644726569
439, 0.0494678644726569
440, 0.0335684287133482
441, 0.0335684287133482
442, 0.0308565797623821
443, 0.0308565797623821
444, 0.0179160431501302
445, 0.0179160431501302
446, 0.0179160431501302
447, 0.0179160431501302
448, 0.0179160431501302
449, 0.0179160431501302
450, 0.0179160431501302
451, 0.0153893491221861
452, 0.0135696691744815
453, 0.0135696691744815
454, 0.0118794948976451
455, 0.0118794948976451
456, 0.0118794948976451
457, 0.0118794948976451
458, 0.0118794948976451
459, 0.00938851911222827
460, 0.00938851911222827
461, 0.00798964024692417
462, 0.00798964024692417
463, 0.00798964024692417
464, 0.00798964024692417
465, 0.00798964024692417
466, 0.00798964024692417
467, 0.00798964024692417
468, 0.00798964024692417
469, 0.00798964024692417
470, 0.00798964024692417
471, 0.00509751241664702
472, 0.00509751241664702
473, 0.00509751241664702
474, 0.00440692403671683
475, 0.00397684411317201
476, 0.00382573322138846
477, 0.00382573322138846
478, 0.00372650535934405
479, 0.00372650535934405
480, 0.00372650535934405
481, 0.00372650535934405
482, 0.00372650535934405
483, 0.00372650535934405
484, 0.00372650535934405
485, 0.00372650535934405
486, 0.00372650535934405
487, 0.00372650535934405
488, 0.00372650535934405
489, 0.00302649514396158
490, 0.00296323276095833
491, 0.00296323276095833
492, 0.00296323276095833
493, 0.00292045286175302
494, 0.00292045286175302
495, 0.00292045286175302
496, 0.00260008179694893
497, 0.00241263950768378
498, 0.00241263950768378
499, 0.00124756025227413
500, 0.00110364224929249
501, 0.00110364224929249
502, 0.00110364224929249
503, 0.00104450674619905
504, 0.00104450674619905
505, 0.000541161886665975
506, 0.000541161886665975
507, 0.000436205183714122
508, 0.000344540622700507
509, 0.000344540622700507
510, 0.000267672129828256
511, 0.000247796796250199
512, 0.000247796796250199
513, 0.000225829319711934
514, 0.000225829319711934
515, 0.000225829319711934
516, 0.000225829319711934
517, 0.000225829319711934
518, 0.000177811610608813
519, 0.000177811610608813
520, 0.000158179161847016
521, 0.000158179161847016
522, 0.000127044880857241
523, 0.000127044880857241
524, 0.000127044880857241
525, 0.000127044880857241
526, 0.000122424612481353
527, 0.000122424612481353
528, 0.000122424612481353
529, 0.000122424612481353
530, 0.000107549388772554
531, 0.000101641969836308
532, 0.000101641969836308
533, 8.59885230859447E-05
534, 8.59885230859447E-05
535, 8.59885230859447E-05
536, 8.51305543623226E-05
537, 8.51305543623226E-05
538, 8.51305543623226E-05
539, 8.13505626062749E-05
540, 8.13505626062749E-05
541, 8.13505626062749E-05
542, 8.0718564948512E-05
543, 7.74943602728229E-05
544, 7.74943602728229E-05
545, 5.55772453125769E-05
546, 5.25428968831676E-05
547, 5.25428968831676E-05
548, 5.25428968831676E-05
549, 4.65631214261464E-05
550, 4.43299685475296E-05
551, 3.54222625560396E-05
552, 3.54222625560396E-05
553, 3.54046207942105E-05
554, 3.54046207942105E-05
555, 3.54046207942105E-05
556, 3.54046207942105E-05
557, 3.54046207942105E-05
558, 3.54046207942105E-05
559, 3.54046207942105E-05
560, 3.54046207942105E-05
561, 3.54046207942105E-05
562, 3.54046207942105E-05
563, 3.54046207942105E-05
564, 2.74021556805337E-05
565, 2.68116901445126E-05
566, 2.26296275744886E-05
567, 2.26296275744886E-05
568, 2.26296275744886E-05
569, 2.26296275744886E-05
570, 1.72366851458605E-05
571, 1.696031629983E-05
572, 1.696031629983E-05
573, 1.696031629983E-05
574, 1.696031629983E-05
575, 1.696031629983E-05
576, 1.696031629983E-05
577, 1.696031629983E-05
578, 1.696031629983E-05
579, 1.696031629983E-05
580, 1.696031629983E-05
581, 1.696031629983E-05
582, 1.696031629983E-05
583, 1.696031629983E-05
584, 1.696031629983E-05
585, 1.696031629983E-05
586, 1.696031629983E-05
587, 1.56911485245104E-05
588, 1.56911485245104E-05
589, 1.56911485245104E-05
590, 1.55194607547315E-05
591, 1.55194607547315E-05
592, 1.55194607547315E-05
593, 1.2474727304479E-05
594, 1.1638018110105E-05
595, 1.1638018110105E-05
596, 1.1638018110105E-05
597, 1.01669596439535E-05
598, 1.01669596439535E-05
599, 1.01669596439535E-05
600, 1.01669596439535E-05
601, 1.00904453450568E-05
602, 9.7380247190415E-06
603, 9.36217259273064E-06
604, 8.40727936690655E-06
605, 8.40727936690655E-06
606, 8.40727936690655E-06
607, 8.40727936690655E-06
608, 7.61226615608734E-06
609, 7.61226615608734E-06
610, 7.61226615608734E-06
611, 7.61226615608734E-06
612, 7.61226615608734E-06
613, 7.61226615608734E-06
614, 7.61226615608734E-06
615, 7.02670383745385E-06
616, 7.02670383745385E-06
617, 7.02670383745385E-06
618, 7.02670383745385E-06
619, 7.02670383745385E-06
620, 7.02670383745385E-06
621, 6.92179570904727E-06
622, 6.50848391714476E-06
623, 6.50848391714476E-06
624, 6.50848391714476E-06
625, 6.50848391714476E-06
626, 6.50848391714476E-06
627, 6.50848391714476E-06
628, 6.50677943703215E-06
629, 6.50677943703215E-06
630, 6.50677943703215E-06
631, 6.50677943703215E-06
632, 6.47346905502388E-06
633, 6.45004580768216E-06
634, 6.45004580768216E-06
635, 6.43489455320889E-06
636, 6.43489455320889E-06
637, 6.30564700010439E-06
638, 6.30564700010439E-06
639, 6.29807905205837E-06
640, 6.29807905205837E-06
641, 6.29807905205837E-06
642, 6.2570346202051E-06
643, 6.2570346202051E-06
644, 6.2570346202051E-06
645, 6.19000365098543E-06
646, 6.19000365098543E-06
647, 6.19000365098543E-06
648, 6.11942822636991E-06
649, 6.07062069946096E-06
650, 6.07062069946096E-06
651, 6.07062069946096E-06
652, 6.07062069946096E-06
653, 6.07062069946096E-06
654, 6.07062069946096E-06
655, 6.07062069946096E-06
656, 6.07062069946096E-06
657, 6.07062069946096E-06
658, 6.07062069946096E-06
659, 6.07062069946096E-06
660, 6.04447737195812E-06
661, 6.04447737195812E-06
662, 6.04447737195812E-06
663, 6.04447737195812E-06
664, 6.04447737195812E-06
665, 6.02427909868197E-06
666, 5.98900432713378E-06
667, 5.98900432713378E-06
668, 5.98900432713378E-06
669, 5.98900432713378E-06
670, 5.98900432713378E-06
671, 5.9484833379031E-06
672, 5.9484833379031E-06
673, 5.87185220624065E-06
674, 5.86589450968233E-06
675, 5.84699449390769E-06
676, 5.84699449390769E-06
677, 5.8082355636202E-06
678, 5.48677899203653E-06
679, 5.48677899203653E-06
680, 5.41001613818537E-06
681, 5.4097471764436E-06
682, 5.4097471764436E-06
683, 5.4097471764436E-06
684, 5.4097471764436E-06
685, 5.39536863364276E-06
686, 5.39536863364276E-06
687, 5.39536863364276E-06
688, 5.39536863364276E-06
689, 5.39536863364276E-06
690, 5.39536863364276E-06
691, 5.39536863364276E-06
692, 5.39536863364276E-06
693, 5.39536863364276E-06
694, 5.39536863364276E-06
695, 5.39134417998355E-06
696, 5.39134417998355E-06
697, 5.39134417998355E-06
698, 5.39134417998355E-06
699, 5.39134417998355E-06
700, 5.39134417998355E-06
701, 5.39134417998355E-06
702, 5.39134417998355E-06
703, 5.39041119296257E-06
704, 5.13776760335816E-06
705, 5.13776760335816E-06
706, 5.13748903330224E-06
707, 5.13300767579494E-06
708, 5.13300767579494E-06
709, 5.13300767579494E-06
710, 5.13300767579494E-06
711, 4.9479602424185E-06
712, 4.76721960041004E-06
713, 4.76721960041004E-06
714, 4.76721960041004E-06
715, 4.76721960041004E-06
716, 4.76721960041004E-06
717, 4.76721960041004E-06
718, 4.76574932584128E-06
719, 4.76574932584128E-06
720, 4.76574932584128E-06
721, 4.73419621904725E-06
722, 4.73419621904725E-06
723, 4.73419621904725E-06
724, 4.63238115422371E-06
725, 4.63199295985817E-06
726, 4.56717146946062E-06
727, 4.55271781341082E-06
728, 4.44667982080205E-06
729, 4.42704345715583E-06
730, 4.42704345715583E-06
731, 4.42704345715583E-06
732, 4.42704345715583E-06
733, 4.34077793087795E-06
734, 4.34064082632801E-06
735, 4.34064082632801E-06
736, 4.34064082632801E-06
737, 4.34064082632801E-06
738, 4.31788569166258E-06
739, 4.20521736366197E-06
740, 4.20061162031971E-06
741, 4.20061162031971E-06
742, 4.20061162031971E-06
743, 4.20061162031971E-06
744, 4.0944511461305E-06
745, 4.0944511461305E-06
746, 4.0944511461305E-06
747, 4.0944511461305E-06
748, 4.0944511461305E-06
749, 4.0944511461305E-06
750, 4.0944511461305E-06
751, 4.0944511461305E-06
752, 4.08942879381868E-06
753, 4.08942879381868E-06
754, 4.0875555900044E-06
755, 4.0875555900044E-06
756, 4.0875555900044E-06
757, 4.0875555900044E-06
758, 4.02631333251691E-06
759, 4.02345003358562E-06
760, 4.02345003358562E-06
761, 4.02345003358562E-06
762, 4.00525394539386E-06
763, 4.00525394539386E-06
764, 4.00525394539386E-06
765, 4.00525394539386E-06
766, 4.00525394539386E-06
767, 4.00525394539386E-06
768, 4.00525394539386E-06
769, 4.00525394539386E-06
770, 4.00508104192454E-06
771, 4.00484587004257E-06
772, 4.00484587004257E-06
773, 4.00316988802274E-06
774, 4.00261354194242E-06
775, 4.00261354194242E-06
776, 4.00261354194242E-06
777, 4.00261354194242E-06
778, 4.0003495467289E-06
779, 3.9996592917646E-06
780, 3.9996592917646E-06
781, 3.9996592917646E-06
782, 3.9996592917646E-06
783, 3.9996592917646E-06
784, 3.9996592917646E-06
785, 3.9996592917646E-06
786, 3.9996592917646E-06
787, 3.9996592917646E-06
788, 3.9996592917646E-06
789, 3.9996592917646E-06
790, 3.9996592917646E-06
791, 3.9996592917646E-06
792, 3.9996592917646E-06
793, 3.9996592917646E-06
794, 3.9996592917646E-06
795, 3.9996592917646E-06
796, 3.9996592917646E-06
797, 3.98162442394323E-06
798, 3.98162442394323E-06
799, 3.98162442394323E-06
800, 3.98162442394323E-06
801, 3.98162442394323E-06
802, 3.98162442394323E-06
803, 3.98162442394323E-06
804, 3.98115864541637E-06
805, 3.98105571619567E-06
806, 3.98105571619567E-06
807, 3.98105571619567E-06
808, 3.98105571619567E-06
809, 3.98037488658076E-06
810, 3.98037488658076E-06
811, 3.98037488658076E-06
812, 3.98011494517903E-06
813, 3.98011494517903E-06
814, 3.98011494517903E-06
815, 3.98011494517903E-06
816, 3.97729357537457E-06
817, 3.97729357537457E-06
818, 3.97729357537457E-06
819, 3.97697644416439E-06
820, 3.97697644416439E-06
821, 3.97697644416439E-06
822, 3.97143254105004E-06
823, 3.97143254105004E-06
824, 3.97056478540492E-06
825, 3.97056478540492E-06
826, 3.97056478540492E-06
827, 3.96969813820647E-06
828, 3.96628923837739E-06
829, 3.96608310815338E-06
830, 3.96608310815338E-06
831, 3.96608310815338E-06
832, 3.96608310815338E-06
833, 3.96595947194101E-06
834, 3.96595947194101E-06
835, 3.96407722114134E-06
836, 3.96407722114134E-06
837, 3.96393559931596E-06
838, 3.96393559931596E-06
839, 3.96046624828728E-06
840, 3.96046624828728E-06
841, 3.91477717975874E-06
842, 3.91477717975874E-06
843, 3.91475342809144E-06
844, 3.91393573373477E-06
845, 3.9139048979564E-06
846, 3.88858466493502E-06
847, 3.88858466493502E-06
848, 3.88858466493502E-06
849, 3.88858466493502E-06
850, 3.88858466493502E-06
851, 3.8884711841547E-06
852, 3.8884711841547E-06
853, 3.88770445880482E-06
854, 3.88770445880482E-06
855, 3.85505467903613E-06
856, 3.85505467903613E-06
857, 3.85505467903613E-06
858, 3.85498882238267E-06
859, 3.85498882238267E-06
860, 3.85498882238267E-06
861, 3.85498882238267E-06
862, 3.85498882238267E-06
863, 3.85498882238267E-06
864, 3.85498882238267E-06
865, 3.85497460975159E-06
866, 3.85497460975159E-06
867, 3.84839889733257E-06
868, 3.8483963074043E-06
869, 3.8483963074043E-06
870, 3.83631697964404E-06
871, 3.83631697964404E-06
872, 3.81387620507212E-06
873, 3.81387620507212E-06
874, 3.8046155683702E-06
875, 3.8046155683702E-06
876, 3.80229612595429E-06
877, 3.80229612595429E-06
878, 3.80229612595429E-06
879, 3.80229612595429E-06
880, 3.78538181067256E-06
881, 3.77958662056699E-06
882, 3.77895070968748E-06
883, 3.77895070968748E-06
884, 3.77895070968748E-06
885, 3.77895070968748E-06
886, 3.77895070968748E-06
887, 3.77895070968748E-06
888, 3.77895070968748E-06
889, 3.76662520373827E-06
890, 3.75265846308537E-06
891, 3.75265846308537E-06
892, 3.75265846308537E-06
893, 3.75265846308537E-06
894, 3.75265846308537E-06
895, 3.75265846308537E-06
896, 3.75265846308537E-06
897, 3.75265846308537E-06
898, 3.75265846308537E-06
899, 3.75265846308537E-06
900, 3.75254100504208E-06
901, 3.75223622661736E-06
902, 3.75223622661736E-06
903, 3.73210425586024E-06
904, 3.73210425586024E-06
905, 3.73210425586024E-06
906, 3.73204162151808E-06
907, 3.73204162151808E-06
908, 3.73204162151808E-06
909, 3.73204162151808E-06
910, 3.73204162151808E-06
911, 3.73204162151808E-06
912, 3.73196795244723E-06
913, 3.73196795244723E-06
914, 3.72557676620033E-06
915, 3.72557676620033E-06
916, 3.72173636087325E-06
917, 3.72173636087325E-06
918, 3.72173636087325E-06
919, 3.72173552243282E-06
920, 3.72173552243282E-06
921, 3.72166808482177E-06
922, 3.72166622852887E-06
923, 3.72166622852887E-06
924, 3.72166622852887E-06
925, 3.72166622852887E-06
926, 3.72166622852887E-06
927, 3.72166622852887E-06
928, 3.714147210232E-06
929, 3.714147210232E-06
930, 3.714147210232E-06
931, 3.714147210232E-06
932, 3.714147210232E-06
933, 3.714147210232E-06
934, 3.714147210232E-06
935, 3.71046878733239E-06
936, 3.71046878733239E-06
937, 3.71041968350028E-06
938, 3.71041968350028E-06
939, 3.70566422525087E-06
940, 3.70566422525087E-06
941, 3.70561796003699E-06
942, 3.70561796003699E-06
943, 3.70561755502763E-06
944, 3.69309649883576E-06
945, 3.68620235136063E-06
946, 3.68620235136063E-06
947, 3.68620235136063E-06
948, 3.68618542445631E-06
949, 3.68618542445631E-06
950, 3.68612435863724E-06
951, 3.68612435863724E-06
952, 3.68612435863724E-06
953, 3.68612435863724E-06
954, 3.68612435863724E-06
955, 3.68612435863724E-06
956, 3.68612435863724E-06
957, 3.68612435863724E-06
958, 3.6861182817205E-06
959, 3.68611685175324E-06
960, 3.68611685175324E-06
961, 3.68611685175324E-06
962, 3.68611685175324E-06
963, 3.68611685175324E-06
964, 3.68611685175324E-06
965, 3.68611685175324E-06
966, 3.68611685175324E-06
967, 3.68611685175324E-06
968, 3.68611685175324E-06
969, 3.68611685175324E-06
970, 3.68611685175324E-06
971, 3.68611685175324E-06
972, 3.68611685175324E-06
973, 3.68611260803675E-06
974, 3.68611260803675E-06
975, 3.68611260803675E-06
976, 3.68611260803675E-06
977, 3.68611260803675E-06
978, 3.68611260803675E-06
979, 3.68611260803675E-06
980, 3.68611260803675E-06
981, 3.68611260803675E-06
982, 3.68611260803675E-06
983, 3.68611260803675E-06
984, 3.68611260803675E-06
985, 3.68611260803675E-06
986, 3.68611260803675E-06
987, 3.68611260803675E-06
988, 3.68611260803675E-06
989, 3.68611260803675E-06
990, 3.68609637924067E-06
991, 3.68609637924067E-06
992, 3.68609637924067E-06
993, 3.68609637924067E-06
994, 3.68609637924067E-06
995, 3.68609637924067E-06
996, 3.68609637924067E-06
997, 3.68609637924067E-06
998, 3.68609404866049E-06
999, 3.68608393230829E-06
1000, 3.68608393230829E-06
1001, 3.68608393230829E-06
1002, 3.68608393230829E-06
1003, 3.68608393230829E-06
1004, 3.68608393230829E-06
1005, 3.68608393230829E-06
1006, 3.68608393230829E-06
1007, 3.68608393230829E-06
1008, 3.68608393230829E-06
1009, 3.68608393230829E-06
1010, 3.68608393230829E-06
1011, 3.68608393230829E-06
1012, 3.68608393230829E-06
1013, 3.68608393230829E-06
1014, 3.68608393230829E-06
1015, 3.68608393230829E-06
1016, 3.68608393230829E-06
1017, 3.68608393230829E-06
1018, 3.68608393230829E-06
1019, 3.68608393230829E-06
1020, 3.68608393230829E-06
1021, 3.68608393230829E-06
1022, 3.68608393230829E-06
1023, 3.68608393230829E-06
1024, 3.68608393230829E-06
1025, 3.68608393230829E-06
1026, 3.68608393230829E-06
1027, 3.68608393230829E-06
1028, 3.68608393230829E-06
1029, 3.68608345979737E-06
1030, 3.68608334611054E-06
1031, 3.68608334611054E-06
1032, 3.68608334611054E-06
1033, 3.68608334611054E-06
1034, 3.68608334611054E-06
1035, 3.68608334611054E-06
1036, 3.68608334611054E-06
1037, 3.68608334611054E-06
1038, 3.68608334611054E-06
1039, 3.68608313650043E-06
1040, 3.68608313650043E-06
1041, 3.68608313650043E-06
1042, 3.68608313650043E-06
1043, 3.68608313650043E-06
1044, 3.68608313650043E-06
1045, 3.68608293221939E-06
1046, 3.68608293221939E-06
1047, 3.68608293221939E-06
1048, 3.68608293221939E-06
1049, 3.68608293221939E-06
1050, 3.68608293221939E-06
1051, 3.68608293221939E-06
1052, 3.68608293221939E-06
1053, 3.68608293221939E-06
1054, 3.68608293221939E-06
1055, 3.68608293221939E-06
1056, 3.68608243128676E-06
1057, 3.68608243128676E-06
1058, 3.68608243128676E-06
1059, 3.6860821168716E-06
1060, 3.6860821168716E-06
1061, 3.6860821168716E-06
1062, 3.6860821168716E-06
1063, 3.6860821168716E-06
1064, 3.6860821168716E-06
1065, 3.6860821168716E-06
1066, 3.68608194456499E-06
1067, 3.68608194456499E-06
1068, 3.68608194456499E-06
1069, 3.68608194456499E-06
1070, 3.68608194456499E-06
1071, 3.68608194456499E-06
1072, 3.68608194456499E-06
1073, 3.68608194456499E-06
1074, 3.68608194456499E-06
1075, 3.68229521363617E-06
1076, 3.6822952083071E-06
1077, 3.6822952083071E-06
1078, 3.68229503777684E-06
1079, 3.68229503777684E-06
1080, 3.68229502534234E-06
1081, 3.68229502534234E-06
1082, 3.68229502534234E-06
1083, 3.68229502534234E-06
1084, 3.68229502534234E-06
1085, 3.68229502534234E-06
1086, 3.68229502534234E-06
1087, 3.68229502534234E-06
1088, 3.68229502534234E-06
1089, 3.68229502534234E-06
1090, 3.68229502534234E-06
1091, 3.68229502534234E-06
1092, 3.67938382517252E-06
1093, 3.67938382517252E-06
1094, 3.67938382517252E-06
1095, 3.67938382517252E-06
1096, 3.67938382517252E-06
1097, 3.67938382517252E-06
1098, 3.67938382517252E-06
1099, 3.67938382517252E-06
1100, 3.67938382517252E-06
1101, 3.67938382517252E-06
1102, 3.67792873312567E-06
1103, 3.67792873312567E-06
1104, 3.67792857858262E-06
1105, 3.67792857858262E-06
1106, 3.67792857858262E-06
1107, 3.67792857858262E-06
1108, 3.67792857858262E-06
1109, 3.67792857858262E-06
1110, 3.67792857858262E-06
1111, 3.67648052268521E-06
1112, 3.67648052268521E-06
1113, 3.67648052090885E-06
1114, 3.67647391996684E-06
1115, 3.67647391996684E-06
1116, 3.67647391996684E-06
1117, 3.67647391641412E-06
1118, 3.67647376897651E-06
1119, 3.67647376897651E-06
1120, 3.67647376364744E-06
1121, 3.67647376364744E-06
1122, 3.67647369081681E-06
1123, 3.67647369081681E-06
1124, 3.67647369081681E-06
1125, 3.67647367305324E-06
1126, 3.67647367305324E-06
1127, 3.67647367305324E-06
1128, 3.67620093122412E-06
1129, 3.67620093122412E-06
1130, 3.67620093122412E-06
1131, 3.67620092234233E-06
1132, 3.67620092234233E-06
1133, 3.67574654447367E-06
1134, 3.67574639170698E-06
1135, 3.6757463330872E-06
1136, 3.6757463330872E-06
1137, 3.6757463330872E-06
1138, 3.67574633131085E-06
1139, 3.67538266843326E-06
1140, 3.67538266843326E-06
1141, 3.67538266843326E-06
1142, 3.67538266132783E-06
1143, 3.67538266132783E-06
1144, 3.67533728429237E-06
1145, 3.67533728429237E-06
1146, 3.67533728429237E-06
1147, 3.67533728429237E-06
1148, 3.67533728429237E-06
1149, 3.67533728429237E-06
1150, 3.66429880571673E-06
1151, 3.66429880571673E-06
1152, 3.66429874176788E-06
1153, 3.66429874176788E-06
1154, 3.66429874176788E-06
1155, 3.66429874176788E-06
1156, 3.66429874176788E-06
1157, 3.66429874176788E-06
1158, 3.66429874176788E-06
1159, 3.66429874176788E-06
1160, 3.66429872933338E-06
1161, 3.66429872933338E-06
1162, 3.66429872578067E-06
1163, 3.66429872578067E-06
1164, 3.66429872578067E-06
1165, 3.65880837271959E-06
1166, 3.65880836206145E-06
1167, 3.65880836206145E-06
1168, 3.65471590946242E-06
1169, 3.65376415167873E-06
1170, 3.65376415167873E-06
1171, 3.65376414634966E-06
1172, 3.65376414634966E-06
1173, 3.65376413924423E-06
1174, 3.65376413924423E-06
1175, 3.65376413924423E-06
1176, 3.65376412858609E-06
1177, 3.65266371282758E-06
1178, 3.65266371282758E-06
1179, 3.65211357511441E-06
1180, 3.64398578867053E-06
1181, 3.64398578867053E-06
1182, 3.64398578867053E-06
1183, 3.64398578867053E-06
1184, 3.64398578867053E-06
1185, 3.64398578867053E-06
1186, 3.64398578867053E-06
1187, 3.64398578867053E-06
1188, 3.64398578867053E-06
1189, 3.6439857655779E-06
1190, 3.64398576380154E-06
1191, 3.64398576380154E-06
1192, 3.64398576202518E-06
1193, 3.64398576202518E-06
1194, 3.64398576202518E-06
1195, 3.64398575847247E-06
1196, 3.64398575847247E-06
1197, 3.64398575847247E-06
1198, 3.64398575669611E-06
1199, 3.63370895506421E-06
1200, 3.63370894973514E-06
1201, 3.63370894973514E-06
1202, 3.63370894973514E-06
1203, 3.63370894973514E-06
1204, 3.63370894973514E-06
1205, 3.63370894973514E-06
1206, 3.63370894973514E-06
1207, 3.63370894973514E-06
1208, 3.63370894973514E-06
1209, 3.63370894973514E-06
1210, 3.63370894973514E-06
1211, 3.63370894973514E-06
1212, 3.63370894795878E-06
1213, 3.63370894618242E-06
1214, 3.63370894618242E-06
1215, 3.63370894618242E-06
1216, 3.63370894085335E-06
1217, 3.63370894085335E-06
1218, 3.63370894085335E-06
1219, 3.63370894085335E-06
1220, 3.633708939077E-06
1221, 3.633708939077E-06
1222, 3.633708939077E-06
1223, 3.633708939077E-06
1224, 3.633708939077E-06
1225, 3.633708939077E-06
1226, 3.633708939077E-06
1227, 3.633708939077E-06
1228, 3.633708939077E-06
1229, 3.633708939077E-06
1230, 3.633708939077E-06
1231, 3.63370893374793E-06
1232, 3.63370893374793E-06
1233, 3.63370893374793E-06
1234, 3.63370893374793E-06
1235, 3.63370893374793E-06
1236, 3.63370893197157E-06
1237, 3.63370893197157E-06
1238, 3.63370893197157E-06
1239, 3.63370893197157E-06
1240, 3.6336179203289E-06
1241, 3.62677818799284E-06
1242, 3.62677818799284E-06
1243, 3.62677818799284E-06
1244, 3.61645127888721E-06
1245, 3.60613906558171E-06
1246, 3.59584155695813E-06
1247, 3.59584155695813E-06
1248, 3.59584155695813E-06
1249, 3.59584155695813E-06
1250, 3.59584155695813E-06
1251, 3.59584155695813E-06
1252, 3.59584155695813E-06
1253, 3.59584155695813E-06
1254, 3.59584155695813E-06
1255, 3.59584155695813E-06
1256, 3.59584155695813E-06
1257, 3.59584155695813E-06
1258, 3.59584155695813E-06
1259, 3.59584155340542E-06
1260, 3.59584155340542E-06
1261, 3.59584155340542E-06
1262, 3.59584155340542E-06
1263, 3.59584155340542E-06
1264, 3.59584155340542E-06
1265, 3.59584155340542E-06
1266, 3.59584155340542E-06
1267, 3.59584155340542E-06
1268, 3.59584155340542E-06
1269, 3.59069830935255E-06
1270, 3.59069830935255E-06
1271, 3.59069830935255E-06
1272, 3.59069829869441E-06
1273, 3.59069829691805E-06
1274, 3.59069829691805E-06
1275, 3.58941306366489E-06
1276, 3.58941306366489E-06
1277, 3.58941306366489E-06
1278, 3.58941306366489E-06
1279, 3.58941306366489E-06
1280, 3.58941306188854E-06
1281, 3.58941306188854E-06
1282, 3.58941306188854E-06
1283, 3.58941306188854E-06
1284, 3.58620098950269E-06
1285, 3.58459550575674E-06
1286, 3.58459549154588E-06
1287, 3.58459549154588E-06
1288, 3.58459549154588E-06
1289, 3.58459548976953E-06
1290, 3.58459548976953E-06
1291, 3.58459548976953E-06
1292, 3.58459548976953E-06
1293, 3.58459548976953E-06
1294, 3.58459548799317E-06
1295, 3.58218791696174E-06
1296, 3.58218791696174E-06
1297, 3.58218791696174E-06
1298, 3.58218791696174E-06
1299, 3.58218791696174E-06
1300, 3.58218791696174E-06
1301, 3.58218791696174E-06
1302, 3.58218791696174E-06
1303, 3.58218791696174E-06
1304, 3.58218791696174E-06
1305, 3.58218791696174E-06
1306, 3.58218791696174E-06
1307, 3.58218791696174E-06
1308, 3.58218791696174E-06
1309, 3.58218791696174E-06
1310, 3.58218791696174E-06
1311, 3.58158614943704E-06
1312, 3.58158614943704E-06
1313, 3.58158614943704E-06
1314, 3.58158614943704E-06
1315, 3.58158614943704E-06
1316, 3.58158614943704E-06
1317, 3.58158614943704E-06
1318, 3.58158614943704E-06
1319, 3.58158614943704E-06
1320, 3.58158614943704E-06
1321, 3.58158614943704E-06
1322, 3.58158614943704E-06
1323, 3.58158614943704E-06
1324, 3.58158614943704E-06
1325, 3.58158614943704E-06
1326, 3.58158614943704E-06
1327, 3.58158614943704E-06
1328, 3.58158614943704E-06
1329, 3.58128528787915E-06
1330, 3.58128528787915E-06
1331, 3.58128528787915E-06
1332, 3.58128528787915E-06
1333, 3.58128528787915E-06
1334, 3.58128528787915E-06
1335, 3.58128528787915E-06
1336, 3.58128528787915E-06
1337, 3.58128528787915E-06
1338, 3.58128528787915E-06
1339, 3.58128528787915E-06
1340, 3.58128528787915E-06
1341, 3.58128528787915E-06
1342, 3.58128528787915E-06
1343, 3.58128528787915E-06
1344, 3.58113486065292E-06
1345, 3.58113486065292E-06
1346, 3.58113486065292E-06
1347, 3.58113486065292E-06
1348, 3.58113486065292E-06
1349, 3.58113486065292E-06
1350, 3.58113486065292E-06
1351, 3.58113486065292E-06
1352, 3.58113486065292E-06
1353, 3.58113486065292E-06
1354, 3.58113486065292E-06
1355, 3.58113486065292E-06
1356, 3.58105964615163E-06
1357, 3.58105964615163E-06
1358, 3.58105964615163E-06
1359, 3.58087161878018E-06
1360, 3.58087161878018E-06
1361, 3.58087161878018E-06
1362, 3.58087161878018E-06
1363, 3.58082461104914E-06
1364, 3.58082461104914E-06
1365, 3.58070709793878E-06
1366, 3.58064834138361E-06
1367, 3.58064834138361E-06
1368, 3.58053670446168E-06
1369, 3.58053670446168E-06
1370, 3.58053670446168E-06
1371, 3.58053670446168E-06
1372, 3.58053670446168E-06
1373, 3.58050439608348E-06
1374, 3.58050439608348E-06
1375, 3.58050439608348E-06
1376, 3.58050439608348E-06
1377, 3.58050439608348E-06
1378, 3.58050439608348E-06
1379, 3.5804404951989E-06
1380, 3.5804404951989E-06
1381, 3.5804404951989E-06
1382, 3.58039238967933E-06
1383, 3.58039238967933E-06
1384, 3.58039238967933E-06
1385, 3.58032023228816E-06
1386, 3.58029232572221E-06
1387, 3.58029232572221E-06
1388, 3.58020860424801E-06
1389, 3.58007246425984E-06
1390, 3.58007246425984E-06
1391, 3.58007246425984E-06
1392, 3.58007246425984E-06
1393, 3.58007246425984E-06
1394, 3.58007246425984E-06
1395, 3.58007246425984E-06
1396, 3.58007246425984E-06
1397, 3.58007246425984E-06
1398, 3.58007246425984E-06
1399, 3.58007246425984E-06
1400, 3.58006429301838E-06
1401, 3.58006429301838E-06
1402, 3.58006429301838E-06
1403, 3.58006429301838E-06
1404, 3.58006429301838E-06
1405, 3.58006429301838E-06
1406, 3.58006429301838E-06
1407, 3.57999324407388E-06
1408, 3.57999324407388E-06
1409, 3.5799008006876E-06
1410, 3.5798119881747E-06
1411, 3.5798119881747E-06
1412, 3.5798119881747E-06
1413, 3.5798119881747E-06
1414, 3.5798119881747E-06
1415, 3.5798119881747E-06
1416, 3.5798119881747E-06
1417, 3.5798119881747E-06
1418, 3.57970360020943E-06
1419, 3.57970360020943E-06
1420, 3.57970360020943E-06
1421, 3.57950640683669E-06
1422, 3.57950640683669E-06
1423, 3.57950640683669E-06
1424, 3.57950640683669E-06
1425, 3.57950640683669E-06
1426, 3.57950640683669E-06
1427, 3.57950640683669E-06
1428, 3.57950640683669E-06
1429, 3.57950640683669E-06
1430, 3.57950640683669E-06
1431, 3.57950640683669E-06
1432, 3.57950640683669E-06
1433, 3.57950640683669E-06
1434, 3.57950640683669E-06
1435, 3.57950640683669E-06
1436, 3.57950640683669E-06
1437, 3.57950640683669E-06
1438, 3.57950640683669E-06
1439, 3.57950640683669E-06
1440, 3.57950640683669E-06
1441, 3.57950640683669E-06
1442, 3.57950640683669E-06
1443, 3.57950640683669E-06
1444, 3.57950640683669E-06
1445, 3.57950640683669E-06
1446, 3.57950640683669E-06
1447, 3.57950640683669E-06
1448, 3.57950640683669E-06
1449, 3.57950640683669E-06
1450, 3.57950640683669E-06
1451, 3.57950640683669E-06
1452, 3.57950640683669E-06
1453, 3.57950640683669E-06
1454, 3.57950640683669E-06
1455, 3.57950640683669E-06
1456, 3.57950640683669E-06
1457, 3.57950640683669E-06
1458, 3.57950640683669E-06
1459, 3.57950640683669E-06
1460, 3.57950640683669E-06
1461, 3.57950640683669E-06
1462, 3.57950640683669E-06
1463, 3.57950640683669E-06
1464, 3.57950640683669E-06
1465, 3.57950640683669E-06
1466, 3.57950640683669E-06
1467, 3.57950640683669E-06
1468, 3.57950640683669E-06
1469, 3.57950640683669E-06
1470, 3.57950640683669E-06
1471, 3.57950640683669E-06
1472, 3.57950640683669E-06
1473, 3.57950640683669E-06
1474, 3.57950640683669E-06
1475, 3.57950640683669E-06
1476, 3.57950640683669E-06
1477, 3.57950218088376E-06
1478, 3.57950218088376E-06
1479, 3.57950218088376E-06
1480, 3.57950218088376E-06
1481, 3.57950218088376E-06
1482, 3.57947083351462E-06
1483, 3.57947083351462E-06
1484, 3.57947083351462E-06
1485, 3.57947083351462E-06
1486, 3.57942721329607E-06
1487, 3.57942721329607E-06
1488, 3.57942721329607E-06
1489, 3.57942721329607E-06
1490, 3.57942721329607E-06
1491, 3.57942721329607E-06
1492, 3.57942721329607E-06
1493, 3.57942721329607E-06
1494, 3.57942721329607E-06
1495, 3.57939318007539E-06
1496, 3.57939318007539E-06
1497, 3.57939318007539E-06
1498, 3.57939318007539E-06
1499, 3.57939318007539E-06
1500, 3.57939318007539E-06
1501, 3.57939318007539E-06
1502, 3.57939318007539E-06
1503, 3.57939318007539E-06
1504, 3.57939318007539E-06
1505, 3.57939318007539E-06
1506, 3.57939318007539E-06
1507, 3.57939318007539E-06
1508, 3.57939318007539E-06
1509, 3.57938881556663E-06
1510, 3.57938881556663E-06
1511, 3.57938881556663E-06
1512, 3.57938881556663E-06
1513, 3.57938881556663E-06
1514, 3.57938881556663E-06
1515, 3.57938881556663E-06
1516, 3.57938881556663E-06
1517, 3.57938881556663E-06
1518, 3.57938881556663E-06
1519, 3.57938881556663E-06
1520, 3.57938881556663E-06
1521, 3.57938881556663E-06
1522, 3.57938663597679E-06
1523, 3.57938663597679E-06
1524, 3.57938663597679E-06
1525, 3.57938663597679E-06
1526, 3.57938663597679E-06
1527, 3.57938663597679E-06
1528, 3.57938663420043E-06
1529, 3.57938663420043E-06
1530, 3.57938582951078E-06
1531, 3.57938582951078E-06
1532, 3.57938582951078E-06
1533, 3.57938582951078E-06
1534, 3.57938582951078E-06
1535, 3.57938582951078E-06
1536, 3.57938582951078E-06
1537, 3.57938582951078E-06
1538, 3.57938582951078E-06
1539, 3.57938436579275E-06
1540, 3.57938436579275E-06
1541, 3.57938436579275E-06
1542, 3.57938436579275E-06
1543, 3.57938436579275E-06
1544, 3.57938436579275E-06
1545, 3.57938436579275E-06
1546, 3.57938303174876E-06
1547, 3.57938236383859E-06
1548, 3.57938236383859E-06
1549, 3.57938236383859E-06
1550, 3.57938236383859E-06
1551, 3.57938236383859E-06
1552, 3.57937695483201E-06
1553, 3.57937155115451E-06
1554, 3.57937155115451E-06
1555, 3.57937155115451E-06
1556, 3.57937155115451E-06
1557, 3.57937155115451E-06
1558, 3.57937155115451E-06
1559, 3.57937155115451E-06
1560, 3.57937155115451E-06
1561, 3.57937155115451E-06
1562, 3.57937155115451E-06
1563, 3.57937155115451E-06
1564, 3.57937155115451E-06
1565, 3.57937155115451E-06
1566, 3.57937154937815E-06
1567, 3.57937154937815E-06
1568, 3.57937154937815E-06
1569, 3.57937154937815E-06
1570, 3.57937154937815E-06
1571, 3.57937154937815E-06
1572, 3.57937154937815E-06
1573, 3.57937154937815E-06
1574, 3.57937154937815E-06
1575, 3.57937154937815E-06
1576, 3.57937154937815E-06
1577, 3.57937154937815E-06
1578, 3.57937154937815E-06
1579, 3.57937154937815E-06
1580, 3.57937154937815E-06
1581, 3.57937154937815E-06
1582, 3.57937154937815E-06
1583, 3.57937154937815E-06
1584, 3.57937154937815E-06
1585, 3.57937154937815E-06
1586, 3.57937154937815E-06
1587, 3.57937154937815E-06
1588, 3.57937154937815E-06
1589, 3.57937154937815E-06
1590, 3.57937154937815E-06
1591, 3.57937154937815E-06
1592, 3.57937154937815E-06
1593, 3.57937154937815E-06
1594, 3.57937154937815E-06
1595, 3.57937154937815E-06
1596, 3.57937154937815E-06
1597, 3.57937154937815E-06
1598, 3.57937154937815E-06
1599, 3.57937154937815E-06
1600, 3.57937154937815E-06
1601, 3.57937154937815E-06
1602, 3.57937154937815E-06
1603, 3.57937154937815E-06
1604, 3.57937154937815E-06
1605, 3.57937154937815E-06
1606, 3.57937154937815E-06
1607, 3.57937154937815E-06
1608, 3.57937154937815E-06
1609, 3.57937127759556E-06
1610, 3.57937127759556E-06
1611, 3.57937127759556E-06
1612, 3.57937127759556E-06
1613, 3.57937127759556E-06
1614, 3.57937127759556E-06
1615, 3.57937127759556E-06
1616, 3.57937127759556E-06
1617, 3.5793706256726E-06
1618, 3.5793706256726E-06
1619, 3.5793706256726E-06
1620, 3.5793706256726E-06
1621, 3.5793706256726E-06
1622, 3.57937014250354E-06
1623, 3.57936856687502E-06
1624, 3.57936856687502E-06
1625, 3.57936721151475E-06
1626, 3.57936721151475E-06
1627, 3.57936721151475E-06
1628, 3.57936721151475E-06
1629, 3.57936721151475E-06
1630, 3.57936721151475E-06
1631, 3.57936721151475E-06
1632, 3.57936721151475E-06
1633, 3.57936593076147E-06
1634, 3.57936593076147E-06
1635, 3.57936593076147E-06
1636, 3.57936593076147E-06
1637, 3.57936593076147E-06
1638, 3.57936593076147E-06
1639, 3.57936593076147E-06
1640, 3.57936525219316E-06
1641, 3.57936525219316E-06
1642, 3.57936397321623E-06
1643, 3.57936333372777E-06
1644, 3.57936016470717E-06
1645, 3.57936016470717E-06
1646, 3.57936016470717E-06
1647, 3.57936016470717E-06
1648, 3.57936016470717E-06
1649, 3.57936016470717E-06
1650, 3.57936016470717E-06
1651, 3.57935920369812E-06
1652, 3.57935920369812E-06
1653, 3.57935920369812E-06
1654, 3.57935817163479E-06
1655, 3.57935817163479E-06
1656, 3.57935817163479E-06
1657, 3.57935817163479E-06
1658, 3.57935817163479E-06
1659, 3.57935817163479E-06
1660, 3.57935817163479E-06
1661, 3.57935817163479E-06
1662, 3.57935817163479E-06
1663, 3.57935817163479E-06
1664, 3.57935765649131E-06
1665, 3.57935765649131E-06
1666, 3.57935765649131E-06
1667, 3.57935765649131E-06
1668, 3.57935739891957E-06
1669, 3.57935739891957E-06
1670, 3.57935739891957E-06
1671, 3.57935739891957E-06
1672, 3.57935739891957E-06
1673, 3.57935739891957E-06
1674, 3.57935739891957E-06
1675, 3.57935739891957E-06
1676, 3.57935739891957E-06
1677, 3.57935739891957E-06
1678, 3.57935739891957E-06
1679, 3.57935739891957E-06
1680, 3.57935739891957E-06
1681, 3.57935739891957E-06
1682, 3.57935739891957E-06
1683, 3.57935739891957E-06
1684, 3.57935739891957E-06
1685, 3.57935739891957E-06
1686, 3.57935739891957E-06
1687, 3.57935739891957E-06
1688, 3.57935739714321E-06
1689, 3.57935739714321E-06
1690, 3.57935739714321E-06
1691, 3.57935739714321E-06
1692, 3.57935739714321E-06
1693, 3.57935739714321E-06
1694, 3.57935739714321E-06
1695, 3.57935739714321E-06
1696, 3.57935739714321E-06
1697, 3.57935739714321E-06
1698, 3.57935739714321E-06
1699, 3.57935739714321E-06
1700, 3.57935739714321E-06
1701, 3.57935739714321E-06
1702, 3.57935739714321E-06
1703, 3.57935739714321E-06
1704, 3.57935739714321E-06
1705, 3.57935739714321E-06
1706, 3.57935739714321E-06
1707, 3.57935739714321E-06
1708, 3.57935739714321E-06
1709, 3.57935739714321E-06
1710, 3.57935739714321E-06
1711, 3.57935739714321E-06
1712, 3.57935739714321E-06
1713, 3.57935739714321E-06
1714, 3.57935739714321E-06
1715, 3.57935739714321E-06
1716, 3.57935739714321E-06
1717, 3.57935739714321E-06
1718, 3.57935739714321E-06
1719, 3.57935739714321E-06
1720, 3.57935739714321E-06
1721, 3.57935739714321E-06
1722, 3.57935739714321E-06
1723, 3.57935739714321E-06
1724, 3.57935739714321E-06
1725, 3.57935739714321E-06
1726, 3.57935739714321E-06
1727, 3.57935739714321E-06
1728, 3.57935739714321E-06
1729, 3.57935739714321E-06
1730, 3.57935739714321E-06
1731, 3.57935739714321E-06
1732, 3.57935739714321E-06
1733, 3.57935739714321E-06
1734, 3.57935739714321E-06
1735, 3.57935739714321E-06
1736, 3.57935739714321E-06
1737, 3.57935739714321E-06
1738, 3.57935739714321E-06
1739, 3.57935739714321E-06
1740, 3.57935739714321E-06
1741, 3.57935739714321E-06
1742, 3.57935739714321E-06
1743, 3.57935739714321E-06
1744, 3.57935739714321E-06
1745, 3.57935739714321E-06
1746, 3.57935739714321E-06
1747, 3.57935739714321E-06
1748, 3.57935739714321E-06
1749, 3.57935739714321E-06
1750, 3.57935739714321E-06
1751, 3.57935739714321E-06
1752, 3.57935739714321E-06
1753, 3.57935739714321E-06
1754, 3.57935739714321E-06
1755, 3.57935739714321E-06
1756, 3.57935739714321E-06
1757, 3.57935739714321E-06
1758, 3.57935739714321E-06
1759, 3.57935739714321E-06
1760, 3.57935739714321E-06
1761, 3.57935739714321E-06
1762, 3.57935739714321E-06
1763, 3.57935739714321E-06
1764, 3.57935739714321E-06
1765, 3.57935739714321E-06
1766, 3.57935739714321E-06
1767, 3.57935739714321E-06
1768, 3.57935739714321E-06
1769, 3.57935737405057E-06
1770, 3.57935737405057E-06
1771, 3.57935737405057E-06
1772, 3.57935737405057E-06
1773, 3.57935737405057E-06
1774, 3.57935737405057E-06
1775, 3.57935737405057E-06
1776, 3.57935737405057E-06
1777, 3.57935737405057E-06
1778, 3.57935737405057E-06
1779, 3.57935737405057E-06
1780, 3.57935737405057E-06
1781, 3.57935735983972E-06
1782, 3.57935735983972E-06
1783, 3.57935735983972E-06
1784, 3.57935735983972E-06
1785, 3.57935734385251E-06
1786, 3.57935734385251E-06
1787, 3.57935734385251E-06
1788, 3.57935733497072E-06
1789, 3.5793573029963E-06
1790, 3.5793573029963E-06
1791, 3.57935726924552E-06
1792, 3.57935725858738E-06
1793, 3.57935721595481E-06
1794, 3.57935721595481E-06
1795, 3.57935721595481E-06
1796, 3.57935721595481E-06
1797, 3.57935717332225E-06
1798, 3.57935715200597E-06
1799, 3.57935715200597E-06
1800, 3.5793571342424E-06
1801, 3.5793571093734E-06
1802, 3.5793571093734E-06
1803, 3.5793571093734E-06
1804, 3.5793571093734E-06
1805, 3.57935701345014E-06
1806, 3.57935701345014E-06
1807, 3.57935701345014E-06
1808, 3.57935701345014E-06
1809, 3.57935701345014E-06
1810, 3.57935701345014E-06
1811, 3.57935701345014E-06
1812, 3.57935701345014E-06
1813, 3.57935701345014E-06
1814, 3.57935701345014E-06
1815, 3.57935701345014E-06
1816, 3.57935701345014E-06
1817, 3.57935701345014E-06
1818, 3.57935701345014E-06
1819, 3.57935701345014E-06
1820, 3.57935701345014E-06
1821, 3.57935701345014E-06
1822, 3.57935701345014E-06
1823, 3.57935701345014E-06
1824, 3.57935701345014E-06
1825, 3.57935696904121E-06
1826, 3.57935696904121E-06
1827, 3.57935696904121E-06
1828, 3.57935696904121E-06
1829, 3.57935696904121E-06
1830, 3.57935696904121E-06
1831, 3.57935696904121E-06
1832, 3.57935696904121E-06
1833, 3.57935696904121E-06
1834, 3.57935696904121E-06
1835, 3.57935696904121E-06
1836, 3.57935696904121E-06
1837, 3.57935696904121E-06
1838, 3.57935696904121E-06
1839, 3.57935696904121E-06
1840, 3.57935696904121E-06
1841, 3.57935696904121E-06
1842, 3.57935696904121E-06
1843, 3.57935696904121E-06
1844, 3.57935696015943E-06
1845, 3.57935696015943E-06
1846, 3.57935696015943E-06
1847, 3.57935696015943E-06
1848, 3.57935696015943E-06
1849, 3.57935696015943E-06
1850, 3.57935696015943E-06
1851, 3.57935696015943E-06
1852, 3.57935696015943E-06
1853, 3.57935696015943E-06
1854, 3.57935696015943E-06
1855, 3.57935696015943E-06
1856, 3.57935696015943E-06
1857, 3.57935696015943E-06
1858, 3.57935696015943E-06
1859, 3.57935690864508E-06
1860, 3.57935690864508E-06
1861, 3.57935688022337E-06
1862, 3.57935686423616E-06
1863, 3.57935686423616E-06
1864, 3.57935686423616E-06
1865, 3.57935686423616E-06
1866, 3.57935686423616E-06
1867, 3.57935686423616E-06
1868, 3.57935686423616E-06
1869, 3.57935686423616E-06
1870, 3.57935686423616E-06
1871, 3.57935686423616E-06
1872, 3.57935686423616E-06
1873, 3.57935686423616E-06
1874, 3.57935686423616E-06
1875, 3.57935684824895E-06
1876, 3.57935684824895E-06
1877, 3.57935684824895E-06
1878, 3.57935684824895E-06
1879, 3.57935684824895E-06
1880, 3.57935684824895E-06
1881, 3.57935684824895E-06
1882, 3.57935684824895E-06
1883, 3.57935683403809E-06
1884, 3.57935683403809E-06
1885, 3.57935678785282E-06
1886, 3.57935678785282E-06
1887, 3.57935678785282E-06
1888, 3.57935678785282E-06
1889, 3.57935678785282E-06
1890, 3.57935678785282E-06
1891, 3.57935678785282E-06
1892, 3.57935678785282E-06
1893, 3.57935678785282E-06
1894, 3.57935678785282E-06
1895, 3.57935678785282E-06
1896, 3.57935678785282E-06
1897, 3.57935678785282E-06
1898, 3.57935678785282E-06
1899, 3.57935678785282E-06
1900, 3.57935678785282E-06
1901, 3.57935678785282E-06
1902, 3.57935678785282E-06
1903, 3.57935678785282E-06
1904, 3.57935678785282E-06
1905, 3.57935678785282E-06
1906, 3.57935678785282E-06
1907, 3.57935678785282E-06
1908, 3.57935678785282E-06
1909, 3.57935678785282E-06
1910, 3.57935678785282E-06
1911, 3.57935678785282E-06
1912, 3.57935678785282E-06
1913, 3.57935678785282E-06
1914, 3.57935678785282E-06
1915, 3.57935678785282E-06
1916, 3.57935678785282E-06
1917, 3.57935678785282E-06
1918, 3.57935678785282E-06
1919, 3.57935678785282E-06
1920, 3.57935678785282E-06
1921, 3.57935678785282E-06
1922, 3.57935678785282E-06
1923, 3.57935678785282E-06
1924, 3.57935678785282E-06
1925, 3.57935678785282E-06
1926, 3.57935678785282E-06
1927, 3.57935678785282E-06
1928, 3.57935678785282E-06
1929, 3.57935678785282E-06
1930, 3.57935678785282E-06
1931, 3.57935678785282E-06
1932, 3.57935678785282E-06
1933, 3.57935678785282E-06
1934, 3.57935678785282E-06
1935, 3.57935678785282E-06
1936, 3.57935678785282E-06
1937, 3.57935678785282E-06
1938, 3.57935678785282E-06
1939, 3.57935678785282E-06
1940, 3.57935678785282E-06
1941, 3.57935678785282E-06
1942, 3.57935678785282E-06
1943, 3.57935678785282E-06
1944, 3.57935678785282E-06
1945, 3.57935678785282E-06
1946, 3.57935678785282E-06
1947, 3.57935678785282E-06
1948, 3.57935678785282E-06
1949, 3.57935678785282E-06
1950, 3.57935678785282E-06
1951, 3.57935678785282E-06
1952, 3.57935678785282E-06
1953, 3.57935678785282E-06
1954, 3.57935678785282E-06
1955, 3.57935678785282E-06
1956, 3.57935678785282E-06
1957, 3.57935678785282E-06
1958, 3.57935678785282E-06
1959, 3.57935678785282E-06
1960, 3.57935678785282E-06
1961, 3.57935678785282E-06
1962, 3.57935678785282E-06
1963, 3.57935678785282E-06
1964, 3.57935678785282E-06
1965, 3.57935678785282E-06
1966, 3.57935678785282E-06
1967, 3.57935678785282E-06
1968, 3.57935678785282E-06
1969, 3.57935678785282E-06
1970, 3.57935678785282E-06
1971, 3.57935678785282E-06
1972, 3.57935678785282E-06
1973, 3.57935678785282E-06
1974, 3.57935678785282E-06
1975, 3.57935678785282E-06
1976, 3.57935678785282E-06
1977, 3.57935678785282E-06
1978, 3.57935678785282E-06
1979, 3.57935678785282E-06
1980, 3.57935678785282E-06
1981, 3.57935678785282E-06
1982, 3.57935678785282E-06
1983, 3.57935678785282E-06
1984, 3.57935678785282E-06
1985, 3.57935678785282E-06
1986, 3.57935678785282E-06
1987, 3.57935678785282E-06
1988, 3.57935678785282E-06
1989, 3.57935678785282E-06
1990, 3.57935678785282E-06
1991, 3.57935678785282E-06
1992, 3.57935678785282E-06
1993, 3.57935678785282E-06
1994, 3.57935678785282E-06
1995, 3.57935678785282E-06
1996, 3.57935678785282E-06
1997, 3.57935678785282E-06
1998, 3.57935678785282E-06
1999, 3.57935678785282E-06
2000, 3.57935678785282E-06
2001, 3.57935678785282E-06
2002, 3.57935678785282E-06
2003, 3.57935678785282E-06
2004, 3.57935678785282E-06
2005, 3.57935678785282E-06
2006, 3.57935678785282E-06
2007, 3.57935678785282E-06
2008, 3.57935678785282E-06
2009, 3.57935678785282E-06
2010, 3.57935678785282E-06
2011, 3.57935678785282E-06
2012, 3.57935678785282E-06
2013, 3.57935678785282E-06
2014, 3.57935678785282E-06
2015, 3.57935678785282E-06
2016, 3.57935678785282E-06
2017, 3.57935678785282E-06
2018, 3.57935678785282E-06
2019, 3.57935678785282E-06
2020, 3.57935678785282E-06
2021, 3.57935678785282E-06
2022, 3.57935678785282E-06
2023, 3.57935678785282E-06
2024, 3.57935678785282E-06
2025, 3.57935678785282E-06
2026, 3.57935678785282E-06
2027, 3.57935678785282E-06
2028, 3.57935678785282E-06
2029, 3.57935678785282E-06
2030, 3.57935678785282E-06
2031, 3.57935678785282E-06
2032, 3.57935678785282E-06
2033, 3.57935678785282E-06
2034, 3.57935678785282E-06
2035, 3.57935678785282E-06
2036, 3.57935678785282E-06
2037, 3.57935678785282E-06
2038, 3.57935678785282E-06
2039, 3.57935678785282E-06
2040, 3.57935678785282E-06
2041, 3.57935678785282E-06
2042, 3.57935678785282E-06
2043, 3.57935678785282E-06
2044, 3.57935678785282E-06
2045, 3.57935678785282E-06
2046, 3.57935678785282E-06
2047, 3.57935678785282E-06
2048, 3.57935678785282E-06
2049, 3.57935678785282E-06
2050, 3.57935678785282E-06
2051, 3.57935678785282E-06
2052, 3.57935678785282E-06
2053, 3.57935678785282E-06
2054, 3.57935678785282E-06
2055, 3.57935678785282E-06
2056, 3.57935678785282E-06
2057, 3.57935678785282E-06
2058, 3.57935678785282E-06
2059, 3.57935678785282E-06
2060, 3.57935678785282E-06
2061, 3.57935678785282E-06
2062, 3.57935678785282E-06
2063, 3.57935678785282E-06
2064, 3.57935678785282E-06
2065, 3.57935678785282E-06
2066, 3.57935678785282E-06
2067, 3.57935678785282E-06
2068, 3.57935678785282E-06
2069, 3.57935678785282E-06
2070, 3.57935678785282E-06
2071, 3.57935678785282E-06
2072, 3.57935678785282E-06
2073, 3.57935678785282E-06
2074, 3.57935678785282E-06
2075, 3.57935678785282E-06
2076, 3.57935678785282E-06
2077, 3.57935678785282E-06
2078, 3.57935678785282E-06
2079, 3.57935678785282E-06
2080, 3.57935678785282E-06
2081, 3.57935678785282E-06
2082, 3.57935678785282E-06
2083, 3.57935678785282E-06
2084, 3.57935678785282E-06
2085, 3.57935678785282E-06
2086, 3.57935678785282E-06
2087, 3.57935678785282E-06
2088, 3.57935678785282E-06
2089, 3.57935678785282E-06
2090, 3.57935678785282E-06
2091, 3.57935678785282E-06
2092, 3.57935678785282E-06
2093, 3.57935678785282E-06
2094, 3.57935678785282E-06
2095, 3.57935678785282E-06
2096, 3.57935678785282E-06
2097, 3.57935678785282E-06
2098, 3.57935678785282E-06
2099, 3.57935678785282E-06
2100, 3.57935678785282E-06
2101, 3.57935678785282E-06
2102, 3.57935678785282E-06
2103, 3.57935678785282E-06
2104, 3.57935678785282E-06
2105, 3.57935678785282E-06
2106, 3.57935678785282E-06
2107, 3.57935678785282E-06
2108, 3.57935678785282E-06
2109, 3.57935678785282E-06
2110, 3.57935678785282E-06
2111, 3.57935678785282E-06
2112, 3.57935678785282E-06
2113, 3.57935678785282E-06
2114, 3.57935678785282E-06
2115, 3.57935678785282E-06
2116, 3.57935678785282E-06
2117, 3.57935678785282E-06
2118, 3.57935678785282E-06
2119, 3.57935678785282E-06
2120, 3.57935678785282E-06
2121, 3.57935678785282E-06
2122, 3.57935678785282E-06
2123, 3.57935678785282E-06
2124, 3.57935678785282E-06
2125, 3.57935678785282E-06
2126, 3.57935678785282E-06
2127, 3.57935678785282E-06
2128, 3.57935678785282E-06
2129, 3.57935678785282E-06
2130, 3.57935678785282E-06
2131, 3.57935678785282E-06
2132, 3.57935678785282E-06
2133, 3.57935678785282E-06
2134, 3.57935678785282E-06
2135, 3.57935678785282E-06
2136, 3.57935678785282E-06
2137, 3.57935678785282E-06
2138, 3.57935678785282E-06
2139, 3.57935678785282E-06
2140, 3.57935678785282E-06
2141, 3.57935678785282E-06
2142, 3.57935678785282E-06
2143, 3.57935678785282E-06
2144, 3.57935678785282E-06
2145, 3.57935678785282E-06
2146, 3.57935678785282E-06
2147, 3.57935678785282E-06
2148, 3.57935678785282E-06
2149, 3.57935678785282E-06
2150, 3.57935678785282E-06
2151, 3.57935678785282E-06
2152, 3.57935678785282E-06
2153, 3.57935678785282E-06
2154, 3.57935678785282E-06
2155, 3.57935678785282E-06
2156, 3.57935678785282E-06
2157, 3.57935678785282E-06
2158, 3.57935678785282E-06
2159, 3.57935678785282E-06
2160, 3.57935678785282E-06
2161, 3.57935678785282E-06
2162, 3.57935678785282E-06
2163, 3.57935678785282E-06
2164, 3.57935678785282E-06
2165, 3.57935678785282E-06
2166, 3.57935678785282E-06
2167, 3.57935678785282E-06
2168, 3.57935678785282E-06
2169, 3.57935678785282E-06
2170, 3.57935678785282E-06
2171, 3.57935678785282E-06
2172, 3.57935678785282E-06
2173, 3.57935678785282E-06
2174, 3.57935678785282E-06
2175, 3.57935678785282E-06
2176, 3.57935678785282E-06
2177, 3.57935678785282E-06
2178, 3.57935678785282E-06
2179, 3.57935678785282E-06
2180, 3.57935678785282E-06
2181, 3.57935678785282E-06
2182, 3.57935678785282E-06
2183, 3.57935678785282E-06
2184, 3.57935678785282E-06
2185, 3.57935678785282E-06
2186, 3.57935678785282E-06
2187, 3.57935678785282E-06
2188, 3.57935678785282E-06
2189, 3.57935678785282E-06
2190, 3.57935678785282E-06
2191, 3.57935678785282E-06
2192, 3.57935678785282E-06
2193, 3.57935678785282E-06
2194, 3.57935678785282E-06
2195, 3.57935678785282E-06
2196, 3.57935678785282E-06
2197, 3.57935678785282E-06
2198, 3.57935678785282E-06
2199, 3.57935678785282E-06
2200, 3.57935678785282E-06
2201, 3.57935678785282E-06
2202, 3.57935678785282E-06
2203, 3.57935678785282E-06
2204, 3.57935678785282E-06
2205, 3.57935678785282E-06
2206, 3.57935678785282E-06
2207, 3.57935678785282E-06
2208, 3.57935678785282E-06
2209, 3.57935678785282E-06
2210, 3.57935678785282E-06
2211, 3.57935678785282E-06
2212, 3.57935678785282E-06
2213, 3.57935678785282E-06
2214, 3.57935678785282E-06
2215, 3.57935678785282E-06
2216, 3.57935678785282E-06
2217, 3.57935678785282E-06
2218, 3.57935678785282E-06
2219, 3.57935678785282E-06
2220, 3.57935678785282E-06
2221, 3.57935678785282E-06
2222, 3.57935678785282E-06
2223, 3.57935678785282E-06
2224, 3.57935678785282E-06
2225, 3.57935678785282E-06
2226, 3.57935678785282E-06
2227, 3.57935678785282E-06
2228, 3.57935678785282E-06
2229, 3.57935678785282E-06
2230, 3.57935678785282E-06
2231, 3.57935678785282E-06
2232, 3.57935678785282E-06
2233, 3.57935678785282E-06
2234, 3.57935678785282E-06
2235, 3.57935678785282E-06
2236, 3.57935678785282E-06
2237, 3.57935678785282E-06
2238, 3.57935678785282E-06
2239, 3.57935678785282E-06
2240, 3.57935678785282E-06
2241, 3.57935678785282E-06
2242, 3.57935678785282E-06
2243, 3.57935678785282E-06
2244, 3.57935678785282E-06
2245, 3.57935678785282E-06
2246, 3.57935678785282E-06
2247, 3.57935678785282E-06
2248, 3.57935678785282E-06
2249, 3.57935678785282E-06
2250, 3.57935678785282E-06
2251, 3.57935678785282E-06
2252, 3.57935678785282E-06
2253, 3.57935678785282E-06
2254, 3.57935678785282E-06
2255, 3.57935678785282E-06
2256, 3.57935678785282E-06
2257, 3.57935678785282E-06
2258, 3.57935678785282E-06
2259, 3.57935678785282E-06
2260, 3.57935678785282E-06
2261, 3.57935678785282E-06
2262, 3.57935678785282E-06
2263, 3.57935678785282E-06
2264, 3.57935678785282E-06
2265, 3.57935678785282E-06
2266, 3.57935678785282E-06
2267, 3.57935678785282E-06
2268, 3.57935678785282E-06
2269, 3.57935678785282E-06
2270, 3.57935678785282E-06
2271, 3.57935678785282E-06
2272, 3.57935678785282E-06
2273, 3.57935678785282E-06
2274, 3.57935678785282E-06
2275, 3.57935678785282E-06
2276, 3.57935678785282E-06
2277, 3.57935678785282E-06
2278, 3.57935678785282E-06
2279, 3.57935678785282E-06
2280, 3.57935678785282E-06
2281, 3.57935678785282E-06
2282, 3.57935678785282E-06
2283, 3.57935678785282E-06
2284, 3.57935678785282E-06
2285, 3.57935678785282E-06
2286, 3.57935678785282E-06
2287, 3.57935678785282E-06
2288, 3.57935678785282E-06
2289, 3.57935678785282E-06
2290, 3.57935678785282E-06
2291, 3.57935678785282E-06
2292, 3.57935678785282E-06
2293, 3.57935678785282E-06
2294, 3.57935678785282E-06
2295, 3.57935678785282E-06
2296, 3.57935678785282E-06
2297, 3.57935678785282E-06
2298, 3.57935678785282E-06
2299, 3.57935678785282E-06
2300, 3.57935678785282E-06
2301, 3.57935678785282E-06
2302, 3.57935678785282E-06
2303, 3.57935678785282E-06
2304, 3.57935678785282E-06
2305, 3.57935678785282E-06
2306, 3.57935678785282E-06
2307, 3.57935678785282E-06
2308, 3.57935678785282E-06
2309, 3.57935678785282E-06
2310, 3.57935678785282E-06
2311, 3.57935678785282E-06
2312, 3.57935678785282E-06
2313, 3.57935678785282E-06
2314, 3.57935678785282E-06
2315, 3.57935678785282E-06
2316, 3.57935678785282E-06
2317, 3.57935678785282E-06
2318, 3.57935678785282E-06
2319, 3.57935678785282E-06
2320, 3.5793567843001E-06
2321, 3.57935678074739E-06
2322, 3.57935678074739E-06
2323, 3.57935677364196E-06
2324, 3.57935677364196E-06
2325, 3.57935676831289E-06
2326, 3.57935676653653E-06
2327, 3.57935676653653E-06
2328, 3.57935676653653E-06
2329, 3.57935676653653E-06
2330, 3.57935676653653E-06
2331, 3.57935676476018E-06
2332, 3.57935676476018E-06
2333, 3.57935676476018E-06
2334, 3.57935675943111E-06
2335, 3.57935675943111E-06
2336, 3.57935675587839E-06
2337, 3.57935675587839E-06
2338, 3.57935673811483E-06
2339, 3.57935673811483E-06
2340, 3.57935672923304E-06
2341, 3.57935672923304E-06
2342, 3.57935672923304E-06
2343, 3.57935672923304E-06
2344, 3.57935672923304E-06
2345, 3.57935672923304E-06
2346, 3.57935672923304E-06
2347, 3.57935672923304E-06
2348, 3.57935672923304E-06
2349, 3.57935672923304E-06
2350, 3.57935672923304E-06
2351, 3.57935672923304E-06
2352, 3.57935672745668E-06
2353, 3.57935672745668E-06
2354, 3.57935672745668E-06
2355, 3.57935672745668E-06
2356, 3.57935672745668E-06
2357, 3.57935672745668E-06
2358, 3.57935672745668E-06
2359, 3.57935672745668E-06
2360, 3.57935672745668E-06
2361, 3.57935672745668E-06
2362, 3.57935672745668E-06
2363, 3.57935672745668E-06
2364, 3.57935672745668E-06
2365, 3.57935672745668E-06
2366, 3.57935672745668E-06
2367, 3.57935672745668E-06
2368, 3.57935672745668E-06
2369, 3.57935672745668E-06
2370, 3.57935672745668E-06
2371, 3.57935672745668E-06
2372, 3.57935672745668E-06
2373, 3.57935672745668E-06
2374, 3.57935672745668E-06
2375, 3.57935672745668E-06
2376, 3.57935672745668E-06
2377, 3.57935672745668E-06
2378, 3.57935672745668E-06
2379, 3.57935672745668E-06
2380, 3.57935672745668E-06
2381, 3.57935672745668E-06
2382, 3.57935672745668E-06
2383, 3.57935672745668E-06
2384, 3.57935672745668E-06
2385, 3.57935669015319E-06
2386, 3.57935669015319E-06
2387, 3.57935669015319E-06
2388, 3.57935669015319E-06
2389, 3.57935669015319E-06
2390, 3.57935667061327E-06
2391, 3.57935667061327E-06
2392, 3.57935667061327E-06
2393, 3.57935667061327E-06
2394, 3.57935667061327E-06
2395, 3.57935667061327E-06
2396, 3.57935667061327E-06
2397, 3.57935667061327E-06
2398, 3.57935667061327E-06
2399, 3.5793566279807E-06
2400, 3.57935656936093E-06
2401, 3.57935656758457E-06
2402, 3.57935656758457E-06
2403, 3.57935656758457E-06
2404, 3.57935656758457E-06
2405, 3.57935656758457E-06
2406, 3.57935656758457E-06
2407, 3.57935656758457E-06
2408, 3.57935656758457E-06
2409, 3.57935656758457E-06
2410, 3.57935656758457E-06
2411, 3.57935656758457E-06
2412, 3.57935656758457E-06
2413, 3.57935656758457E-06
2414, 3.57935656758457E-06
2415, 3.57935656758457E-06
2416, 3.57935656758457E-06
2417, 3.57935656758457E-06
2418, 3.57935656758457E-06
2419, 3.57935656758457E-06
2420, 3.57935656758457E-06
2421, 3.57935656758457E-06
2422, 3.57935656758457E-06
2423, 3.57935656758457E-06
2424, 3.57935656758457E-06
2425, 3.57935656758457E-06
2426, 3.57935656758457E-06
2427, 3.57935656758457E-06
2428, 3.57935656758457E-06
2429, 3.57935656758457E-06
2430, 3.57935656758457E-06
2431, 3.57935656758457E-06
2432, 3.57935656758457E-06
2433, 3.57935656758457E-06
2434, 3.57935656758457E-06
2435, 3.57935656758457E-06
2436, 3.57935656758457E-06
2437, 3.57935656758457E-06
2438, 3.57935656758457E-06
2439, 3.57935656758457E-06
2440, 3.57935656758457E-06
2441, 3.57935656758457E-06
2442, 3.57935656758457E-06
2443, 3.57935656758457E-06
2444, 3.57935656758457E-06
2445, 3.57935656758457E-06
2446, 3.57935656758457E-06
2447, 3.57935656758457E-06
2448, 3.57935656758457E-06
2449, 3.57935656758457E-06
2450, 3.57935656758457E-06
2451, 3.57935656758457E-06
2452, 3.57935656758457E-06
2453, 3.57935656758457E-06
2454, 3.57935656758457E-06
2455, 3.57935656758457E-06
2456, 3.57935656758457E-06
2457, 3.57935656758457E-06
2458, 3.57935656758457E-06
2459, 3.57935656758457E-06
2460, 3.57935656758457E-06
2461, 3.57935656758457E-06
2462, 3.57935656758457E-06
2463, 3.57935656758457E-06
2464, 3.57935656758457E-06
2465, 3.57935656758457E-06
2466, 3.57935656758457E-06
2467, 3.57935656758457E-06
2468, 3.57935656758457E-06
2469, 3.57935656758457E-06
2470, 3.57935656758457E-06
2471, 3.57935656758457E-06
2472, 3.57935656758457E-06
2473, 3.57935656758457E-06
2474, 3.57935656758457E-06
2475, 3.57935656758457E-06
2476, 3.57935656758457E-06
2477, 3.57935656758457E-06
2478, 3.57935656758457E-06
2479, 3.57935656758457E-06
2480, 3.57935656758457E-06
2481, 3.57935656758457E-06
2482, 3.57935656758457E-06
2483, 3.57935656758457E-06
2484, 3.57935656758457E-06
2485, 3.57935656758457E-06
2486, 3.57935656758457E-06
2487, 3.57935656758457E-06
2488, 3.57935656758457E-06
2489, 3.57935656580821E-06
2490, 3.57935656580821E-06
2491, 3.57935656580821E-06
2492, 3.57935656580821E-06
2493, 3.57935656580821E-06
2494, 3.57935656580821E-06
2495, 3.57935656580821E-06
2496, 3.57935656580821E-06
2497, 3.57935656580821E-06
2498, 3.57935655870278E-06
2499, 3.57935655870278E-06
2500, 3.57935655870278E-06
2501, 3.57935655870278E-06
2502, 3.57935655870278E-06
2503, 3.57935655870278E-06
2504, 3.57935655870278E-06
2505, 3.57935655870278E-06
2506, 3.57935655870278E-06
2507, 3.579356549821E-06
2508, 3.579356549821E-06
2509, 3.579356549821E-06
2510, 3.579356549821E-06
2511, 3.579356549821E-06
2512, 3.579356549821E-06
2513, 3.579356549821E-06
2514, 3.57935654449193E-06
2515, 3.57935654449193E-06
2516, 3.57935654449193E-06
2517, 3.57935654449193E-06
2518, 3.57935654449193E-06
2519, 3.57935654449193E-06
2520, 3.57935654449193E-06
2521, 3.57935654449193E-06
2522, 3.57935654449193E-06
2523, 3.57935654449193E-06
2524, 3.57935654449193E-06
2525, 3.57935654449193E-06
2526, 3.57935654449193E-06
2527, 3.57935654449193E-06
2528, 3.57935654449193E-06
2529, 3.57935654271557E-06
2530, 3.57935654271557E-06
2531, 3.57935654271557E-06
2532, 3.57935654271557E-06
2533, 3.57935654271557E-06
2534, 3.57935654271557E-06
2535, 3.57935654271557E-06
2536, 3.57935654271557E-06
2537, 3.57935654271557E-06
2538, 3.57935654271557E-06
2539, 3.57935654271557E-06
2540, 3.57935654271557E-06
2541, 3.57935654271557E-06
2542, 3.57935654271557E-06
2543, 3.57935654271557E-06
2544, 3.57935654271557E-06
2545, 3.57935654271557E-06
2546, 3.57935654271557E-06
2547, 3.57935654271557E-06
2548, 3.57935654271557E-06
2549, 3.57935654271557E-06
2550, 3.57935654271557E-06
2551, 3.57935654271557E-06
2552, 3.57935654271557E-06
2553, 3.57935654271557E-06
2554, 3.57935654271557E-06
2555, 3.57935654271557E-06
2556, 3.57935654271557E-06
2557, 3.57935654271557E-06
2558, 3.57935654271557E-06
2559, 3.57935654271557E-06
2560, 3.57935654271557E-06
2561, 3.57935654271557E-06
2562, 3.57935654271557E-06
2563, 3.57935654271557E-06
2564, 3.57935654271557E-06
2565, 3.57935654271557E-06
2566, 3.57935654271557E-06
2567, 3.57935654271557E-06
2568, 3.57935654271557E-06
2569, 3.57935654093922E-06
2570, 3.57935654093922E-06
2571, 3.57935654093922E-06
2572, 3.57935654093922E-06
2573, 3.57935654093922E-06
2574, 3.57935654093922E-06
2575, 3.57935654093922E-06
2576, 3.57935654093922E-06
2577, 3.57935654093922E-06
2578, 3.57935654093922E-06
2579, 3.57935654093922E-06
2580, 3.57935654093922E-06
2581, 3.57935654093922E-06
2582, 3.57935654093922E-06
2583, 3.57935654093922E-06
2584, 3.57935654093922E-06
2585, 3.57935654093922E-06
2586, 3.57935654093922E-06
2587, 3.57935654093922E-06
2588, 3.57935654093922E-06
2589, 3.57935654093922E-06
2590, 3.57935654093922E-06
2591, 3.57935654093922E-06
2592, 3.57935654093922E-06
2593, 3.57935654093922E-06
2594, 3.57935654093922E-06
2595, 3.57935654093922E-06
2596, 3.57935654093922E-06
2597, 3.57935654093922E-06
2598, 3.57935654093922E-06
2599, 3.57935654093922E-06
2600, 3.57935654093922E-06
2601, 3.57935654093922E-06
2602, 3.57935654093922E-06
2603, 3.57935654093922E-06
2604, 3.57935654093922E-06
2605, 3.57935654093922E-06
2606, 3.57935654093922E-06
2607, 3.57935654093922E-06
2608, 3.57935654093922E-06
2609, 3.57935654093922E-06
2610, 3.57935654093922E-06
2611, 3.57935654093922E-06
2612, 3.57935654093922E-06
2613, 3.57935654093922E-06
2614, 3.57935654093922E-06
2615, 3.57935654093922E-06
2616, 3.57935654093922E-06
2617, 3.57935654093922E-06
2618, 3.57935654093922E-06
2619, 3.57935654093922E-06
2620, 3.57935654093922E-06
2621, 3.57935654093922E-06
2622, 3.57935654093922E-06
2623, 3.57935654093922E-06
2624, 3.57935654093922E-06
2625, 3.57935654093922E-06
2626, 3.57935654093922E-06
2627, 3.57935654093922E-06
2628, 3.57935654093922E-06
2629, 3.57935654093922E-06
2630, 3.57935654093922E-06
2631, 3.57935654093922E-06
2632, 3.57935654093922E-06
2633, 3.57935654093922E-06
2634, 3.57935654093922E-06
2635, 3.57935654093922E-06
2636, 3.57935654093922E-06
2637, 3.57935654093922E-06
2638, 3.57935654093922E-06
2639, 3.57935654093922E-06
2640, 3.57935654093922E-06
2641, 3.57935654093922E-06
2642, 3.57935654093922E-06
2643, 3.57935654093922E-06
2644, 3.57935654093922E-06
2645, 3.57935654093922E-06
2646, 3.57935654093922E-06
2647, 3.57935654093922E-06
2648, 3.57935654093922E-06
2649, 3.57935654093922E-06
2650, 3.57935654093922E-06
2651, 3.57935654093922E-06
2652, 3.57935654093922E-06
2653, 3.57935654093922E-06
2654, 3.57935654093922E-06
2655, 3.57935654093922E-06
2656, 3.57935654093922E-06
2657, 3.57935654093922E-06
2658, 3.57935654093922E-06
2659, 3.57935654093922E-06
2660, 3.57935654093922E-06
2661, 3.57935654093922E-06
2662, 3.57935654093922E-06
2663, 3.57935654093922E-06
2664, 3.57935654093922E-06
2665, 3.57935654093922E-06
2666, 3.57935654093922E-06
2667, 3.57935654093922E-06
2668, 3.57935654093922E-06
2669, 3.57935654093922E-06
2670, 3.57935654093922E-06
2671, 3.57935654093922E-06
2672, 3.57935654093922E-06
2673, 3.57935654093922E-06
2674, 3.57935654093922E-06
2675, 3.57935654093922E-06
2676, 3.57935654093922E-06
2677, 3.57935654093922E-06
2678, 3.57935654093922E-06
2679, 3.57935654093922E-06
2680, 3.57935654093922E-06
2681, 3.57935654093922E-06
2682, 3.57935654093922E-06
2683, 3.57935654093922E-06
2684, 3.57935654093922E-06
2685, 3.57935654093922E-06
2686, 3.57935654093922E-06
2687, 3.57935654093922E-06
2688, 3.57935654093922E-06
2689, 3.57935654093922E-06
2690, 3.57935654093922E-06
2691, 3.57935654093922E-06
2692, 3.57935654093922E-06
2693, 3.57935654093922E-06
2694, 3.57935654093922E-06
2695, 3.57935654093922E-06
2696, 3.57935654093922E-06
2697, 3.57935654093922E-06
2698, 3.57935654093922E-06
2699, 3.57935654093922E-06
2700, 3.57935654093922E-06
2701, 3.57935654093922E-06
2702, 3.57935654093922E-06
2703, 3.57935654093922E-06
2704, 3.57935654093922E-06
2705, 3.57935654093922E-06
2706, 3.57935654093922E-06
2707, 3.57935654093922E-06
2708, 3.57935654093922E-06
2709, 3.57935654093922E-06
2710, 3.57935654093922E-06
2711, 3.57935654093922E-06
2712, 3.57935654093922E-06
2713, 3.57935654093922E-06
2714, 3.57935654093922E-06
2715, 3.57935654093922E-06
2716, 3.57935654093922E-06
2717, 3.57935654093922E-06
2718, 3.57935654093922E-06
2719, 3.57935654093922E-06
2720, 3.57935654093922E-06
2721, 3.57935654093922E-06
2722, 3.57935654093922E-06
2723, 3.57935654093922E-06
2724, 3.57935654093922E-06
2725, 3.57935654093922E-06
2726, 3.57935654093922E-06
2727, 3.57935654093922E-06
2728, 3.57935654093922E-06
2729, 3.57935654093922E-06
2730, 3.57935654093922E-06
2731, 3.57935654093922E-06
2732, 3.57935654093922E-06
2733, 3.57935654093922E-06
2734, 3.57935654093922E-06
2735, 3.57935654093922E-06
2736, 3.57935654093922E-06
2737, 3.57935654093922E-06
2738, 3.57935654093922E-06
2739, 3.57935654093922E-06
2740, 3.57935654093922E-06
2741, 3.57935654093922E-06
2742, 3.57935654093922E-06
2743, 3.57935654093922E-06
2744, 3.57935654093922E-06
2745, 3.57935654093922E-06
2746, 3.57935654093922E-06
2747, 3.57935654093922E-06
2748, 3.57935654093922E-06
2749, 3.57935654093922E-06
2750, 3.57935654093922E-06
2751, 3.57935654093922E-06
2752, 3.57935654093922E-06
2753, 3.57935654093922E-06
2754, 3.57935654093922E-06
2755, 3.57935654093922E-06
2756, 3.57935654093922E-06
2757, 3.57935654093922E-06
2758, 3.57935654093922E-06
2759, 3.57935654093922E-06
2760, 3.57935654093922E-06
2761, 3.57935654093922E-06
2762, 3.57935654093922E-06
2763, 3.57935654093922E-06
2764, 3.57935654093922E-06
2765, 3.57935654093922E-06
2766, 3.57935654093922E-06
2767, 3.57935654093922E-06
2768, 3.57935654093922E-06
2769, 3.57935654093922E-06
2770, 3.57935654093922E-06
2771, 3.57935654093922E-06
2772, 3.57935654093922E-06
2773, 3.57935654093922E-06
2774, 3.57935654093922E-06
2775, 3.57935654093922E-06
2776, 3.57935654093922E-06
2777, 3.57935654093922E-06
2778, 3.57935654093922E-06
2779, 3.57935654093922E-06
2780, 3.57935654093922E-06
2781, 3.57935654093922E-06
2782, 3.57935654093922E-06
2783, 3.57935654093922E-06
2784, 3.57935654093922E-06
2785, 3.57935654093922E-06
2786, 3.57935654093922E-06
2787, 3.57935654093922E-06
2788, 3.57935654093922E-06
2789, 3.57935654093922E-06
2790, 3.57935654093922E-06
2791, 3.57935654093922E-06
2792, 3.57935654093922E-06
2793, 3.57935654093922E-06
2794, 3.57935654093922E-06
2795, 3.57935654093922E-06
2796, 3.57935654093922E-06
2797, 3.57935654093922E-06
2798, 3.57935654093922E-06
2799, 3.57935654093922E-06
2800, 3.57935654093922E-06
2801, 3.57935654093922E-06
2802, 3.57935654093922E-06
2803, 3.57935654093922E-06
2804, 3.57935654093922E-06
2805, 3.57935654093922E-06
2806, 3.57935654093922E-06
2807, 3.57935654093922E-06
2808, 3.57935654093922E-06
2809, 3.57935654093922E-06
2810, 3.57935654093922E-06
2811, 3.57935654093922E-06
2812, 3.57935654093922E-06
2813, 3.57935654093922E-06
2814, 3.57935654093922E-06
2815, 3.57935654093922E-06
2816, 3.57935654093922E-06
2817, 3.57935654093922E-06
2818, 3.57935654093922E-06
2819, 3.57935654093922E-06
2820, 3.57935654093922E-06
2821, 3.57935654093922E-06
2822, 3.57935654093922E-06
2823, 3.57935654093922E-06
2824, 3.57935654093922E-06
2825, 3.57935654093922E-06
2826, 3.57935654093922E-06
2827, 3.57935654093922E-06
2828, 3.57935654093922E-06
2829, 3.57935654093922E-06
2830, 3.57935654093922E-06
2831, 3.57935654093922E-06
2832, 3.57935654093922E-06
2833, 3.57935654093922E-06
2834, 3.57935654093922E-06
2835, 3.57935654093922E-06
2836, 3.57935654093922E-06
2837, 3.57935654093922E-06
2838, 3.57935654093922E-06
2839, 3.57935654093922E-06
2840, 3.57935654093922E-06
2841, 3.57935654093922E-06
2842, 3.57935654093922E-06
2843, 3.57935654093922E-06
2844, 3.57935654093922E-06
2845, 3.57935654093922E-06
2846, 3.57935654093922E-06
2847, 3.57935654093922E-06
2848, 3.57935654093922E-06
2849, 3.57935654093922E-06
2850, 3.57935654093922E-06
2851, 3.57935654093922E-06
2852, 3.57935654093922E-06
2853, 3.57935654093922E-06
2854, 3.57935654093922E-06
2855, 3.57935654093922E-06
2856, 3.57935654093922E-06
2857, 3.57935654093922E-06
2858, 3.57935654093922E-06
2859, 3.57935654093922E-06
2860, 3.57935654093922E-06
2861, 3.57935654093922E-06
2862, 3.57935654093922E-06
2863, 3.57935654093922E-06
2864, 3.57935654093922E-06
2865, 3.57935654093922E-06
2866, 3.57935654093922E-06
2867, 3.57935654093922E-06
2868, 3.57935654093922E-06
2869, 3.57935654093922E-06
2870, 3.57935654093922E-06
2871, 3.57935654093922E-06
2872, 3.57935654093922E-06
2873, 3.57935654093922E-06
2874, 3.57935654093922E-06
2875, 3.57935654093922E-06
2876, 3.57935654093922E-06
2877, 3.57935654093922E-06
2878, 3.57935654093922E-06
2879, 3.57935654093922E-06
2880, 3.57935654093922E-06
2881, 3.57935654093922E-06
2882, 3.57935654093922E-06
2883, 3.57935654093922E-06
2884, 3.57935654093922E-06
2885, 3.57935654093922E-06
2886, 3.57935654093922E-06
2887, 3.57935654093922E-06
2888, 3.57935654093922E-06
2889, 3.57935654093922E-06
2890, 3.57935654093922E-06
2891, 3.57935654093922E-06
2892, 3.57935654093922E-06
2893, 3.57935654093922E-06
2894, 3.57935654093922E-06
2895, 3.57935654093922E-06
2896, 3.57935654093922E-06
2897, 3.57935654093922E-06
2898, 3.57935654093922E-06
2899, 3.57935654093922E-06
2900, 3.57935654093922E-06
2901, 3.57935654093922E-06
2902, 3.57935654093922E-06
2903, 3.57935654093922E-06
2904, 3.57935654093922E-06
2905, 3.57935654093922E-06
2906, 3.57935654093922E-06
2907, 3.57935654093922E-06
2908, 3.57935654093922E-06
2909, 3.57935654093922E-06
2910, 3.57935654093922E-06
2911, 3.57935654093922E-06
2912, 3.57935654093922E-06
2913, 3.57935654093922E-06
2914, 3.57935654093922E-06
2915, 3.57935654093922E-06
2916, 3.57935654093922E-06
2917, 3.57935654093922E-06
2918, 3.57935654093922E-06
2919, 3.57935654093922E-06
2920, 3.57935654093922E-06
2921, 3.57935654093922E-06
2922, 3.57935654093922E-06
2923, 3.57935654093922E-06
2924, 3.57935654093922E-06
2925, 3.57935654093922E-06
2926, 3.57935654093922E-06
2927, 3.57935654093922E-06
2928, 3.57935654093922E-06
2929, 3.57935654093922E-06
2930, 3.57935654093922E-06
2931, 3.57935654093922E-06
2932, 3.57935654093922E-06
2933, 3.57935654093922E-06
2934, 3.57935654093922E-06
2935, 3.57935654093922E-06
2936, 3.57935654093922E-06
2937, 3.57935654093922E-06
2938, 3.57935654093922E-06
2939, 3.57935654093922E-06
2940, 3.57935654093922E-06
2941, 3.57935654093922E-06
2942, 3.57935654093922E-06
2943, 3.57935654093922E-06
2944, 3.57935654093922E-06
2945, 3.57935654093922E-06
2946, 3.57935654093922E-06
2947, 3.57935654093922E-06
2948, 3.57935654093922E-06
2949, 3.57935654093922E-06
2950, 3.57935654093922E-06
2951, 3.57935654093922E-06
2952, 3.57935654093922E-06
2953, 3.57935654093922E-06
2954, 3.57935654093922E-06
2955, 3.57935654093922E-06
2956, 3.57935654093922E-06
2957, 3.57935654093922E-06
2958, 3.57935654093922E-06
2959, 3.57935654093922E-06
2960, 3.57935654093922E-06
2961, 3.57935654093922E-06
2962, 3.57935654093922E-06
2963, 3.57935654093922E-06
2964, 3.57935654093922E-06
2965, 3.57935654093922E-06
2966, 3.57935654093922E-06
2967, 3.57935654093922E-06
2968, 3.57935654093922E-06
2969, 3.57935654093922E-06
2970, 3.57935654093922E-06
2971, 3.57935654093922E-06
2972, 3.57935654093922E-06
2973, 3.57935654093922E-06
2974, 3.57935654093922E-06
2975, 3.57935654093922E-06
2976, 3.57935654093922E-06
2977, 3.57935654093922E-06
2978, 3.57935654093922E-06
2979, 3.57935654093922E-06
2980, 3.57935654093922E-06
2981, 3.57935654093922E-06
2982, 3.57935654093922E-06
2983, 3.57935654093922E-06
2984, 3.57935654093922E-06
2985, 3.57935654093922E-06
2986, 3.57935654093922E-06
2987, 3.57935654093922E-06
2988, 3.57935654093922E-06
2989, 3.57935654093922E-06
2990, 3.57935654093922E-06
2991, 3.57935654093922E-06
2992, 3.57935654093922E-06
2993, 3.57935654093922E-06
2994, 3.57935654093922E-06
2995, 3.57935654093922E-06
2996, 3.57935654093922E-06
2997, 3.57935654093922E-06
2998, 3.57935654093922E-06
2999, 3.57935654093922E-06
