0, 112.525755542815
1, 101.010036071479
2, 96.642488711591
3, 96.642488711591
4, 96.642488711591
5, 96.642488711591
6, 96.642488711591
7, 96.642488711591
8, 96.642488711591
9, 96.642488711591
10, 96.642488711591
11, 96.642488711591
12, 96.642488711591
13, 94.7867076589958
14, 94.7867076589958
15, 94.7867076589958
16, 94.7867076589958
17, 94.7867076589958
18, 94.7867076589958
19, 83.4781524997144
20, 81.3268230683594
21, 81.3268230683594
22, 81.002733707291
23, 81.002733707291
24, 81.002733707291
25, 81.002733707291
26, 81.002733707291
27, 72.1206624698441
28, 72.1206624698441
29, 72.1206624698441
30, 72.1206624698441
31, 72.1206624698441
32, 66.5725927906435
33, 66.5725927906435
34, 66.5725927906435
35, 66.5725927906435
36, 66.5725927906435
37, 52.2679025025271
38, 52.2679025025271
39, 52.2679025025271
40, 52.2679025025271
41, 52.2679025025271
42, 52.2679025025271
43, 52.2679025025271
44, 52.2679025025271
45, 52.2679025025271
46, 52.2679025025271
47, 52.2679025025271
48, 52.2679025025271
49, 52.2679025025271
50, 42.1773562384421
51, 42.1773562384421
52, 42.1773562384421
53, 42.1773562384421
54, 42.1773562384421
55, 42.1773562384421
56, 42.1773562384421
57, 42.1773562384421
58, 42.1773562384421
59, 42.1773562384421
60, 42.1773562384421
61, 42.1773562384421
62, 42.1773562384421
63, 42.1773562384421
64, 42.1773562384421
65, 42.1773562384421
66, 42.1773562384421
67, 42.1773562384421
68, 42.1773562384421
69, 42.1773562384421
70, 42.1773562384421
71, 38.5423895994545
72, 37.9580816960985
73, 37.9580816960985
74, 37.9580816960985
75, 37.9580816960985
76, 37.9580816960985
77, 37.9580816960985
78, 37.9580816960985
79, 37.9580816960985
80, 37.9580816960985
81, 37.9580816960985
82, 37.9580816960985
83, 37.9580816960985
84, 37.9580816960985
85, 37.9580816960985
86, 37.9580816960985
87, 37.9580816960985
88, 37.9580816960985
89, 37.9580816960985
90, 37.9580816960985
91, 37.9580816960985
92, 37.9580816960985
93, 37.9580816960985
94, 34.4336621273906
95, 34.4336621273906
96, 34.4336621273906
97, 34.4336621273906
98, 34.4336621273906
99, 34.4336621273906
100, 34.4336621273906
101, 34.4336621273906
102, 34.4336621273906
103, 34.4336621273906
104, 34.4336621273906
105, 34.4336621273906
106, 24.4171371171695
107, 24.4171371171695
108, 24.4171371171695
109, 24.4171371171695
110, 24.4171371171695
111, 24.4171371171695
112, 23.6859869832692
113, 23.6859869832692
114, 23.6859869832692
115, 23.6859869832692
116, 23.6859869832692
117, 23.6859869832692
118, 23.6859869832692
119, 23.6859869832692
120, 23.6859869832692
121, 23.6859869832692
122, 22.9487512634152
123, 22.9487512634152
124, 22.9487512634152
125, 22.9487512634152
126, 22.9487512634152
127, 22.9487512634152
128, 22.9487512634152
129, 19.8692731754935
130, 19.8692731754935
131, 19.8692731754935
132, 19.8692731754935
133, 19.8692731754935
134, 19.8692731754935
135, 19.8692731754935
136, 19.8692731754935
137, 19.8692731754935
138, 19.8692731754935
139, 19.8692731754935
140, 18.6569082854409
141, 18.6569082854409
142, 18.6569082854409
143, 18.6569082854409
144, 18.6569082854409
145, 18.6569082854409
146, 18.6569082854409
147, 18.6569082854409
148, 18.6569082854409
149, 18.6569082854409
150, 18.6569082854409
151, 18.6569082854409
152, 18.6569082854409
153, 18.6569082854409
154, 18.6569082854409
155, 18.6569082854409
156, 18.6569082854409
157, 18.6569082854409
158, 17.2835006259333
159, 17.2835006259333
160, 17.2835006259333
161, 17.2835006259333
162, 17.2835006259333
163, 17.2835006259333
164, 17.2835006259333
165, 17.2835006259333
166, 17.2835006259333
167, 17.2835006259333
168, 17.2835006259333
169, 17.2835006259333
170, 17.2835006259333
171, 17.2835006259333
172, 17.2835006259333
173, 17.2835006259333
174, 17.2835006259333
175, 17.2835006259333
176, 17.2835006259333
177, 17.2835006259333
178, 17.2835006259333
179, 17.2835006259333
180, 17.2835006259333
181, 17.2835006259333
182, 17.2835006259333
183, 17.2835006259333
184, 17.2835006259333
185, 17.2835006259333
186, 17.2835006259333
187, 17.2835006259333
188, 17.2835006259333
189, 17.2835006259333
190, 17.2835006259333
191, 17.2835006259333
192, 17.2835006259333
193, 17.2835006259333
194, 17.2835006259333
195, 17.2835006259333
196, 17.2835006259333
197, 17.2835006259333
198, 17.2835006259333
199, 17.2835006259333
200, 17.2835006259333
201, 17.2835006259333
202, 17.2835006259333
203, 17.2835006259333
204, 17.2835006259333
205, 17.2835006259333
206, 17.2835006259333
207, 17.2835006259333
208, 17.2835006259333
209, 17.2835006259333
210, 17.2835006259333
211, 17.2835006259333
212, 17.2835006259333
213, 17.2835006259333
214, 17.2835006259333
215, 16.4849622540172
216, 16.4849622540172
217, 16.4849622540172
218, 16.4849622540172
219, 16.4849622540172
220, 16.4849622540172
221, 16.4849622540172
222, 16.4849622540172
223, 16.4849622540172
224, 15.5905465784759
225, 15.5905465784759
226, 15.5905465784759
227, 15.5905465784759
228, 15.5905465784759
229, 15.5905465784759
230, 15.5905465784759
231, 15.5905465784759
232, 15.5905465784759
233, 15.0274477274661
234, 15.0274477274661
235, 15.0274477274661
236, 15.0274477274661
237, 15.0274477274661
238, 15.0274477274661
239, 15.0274477274661
240, 15.0274477274661
241, 15.0274477274661
242, 15.0274477274661
243, 15.0274477274661
244, 15.0274477274661
245, 15.0274477274661
246, 14.2190178783178
247, 14.2190178783178
248, 14.2190178783178
249, 14.2190178783178
250, 14.2190178783178
251, 14.2190178783178
252, 14.2190178783178
253, 14.2190178783178
254, 14.2190178783178
255, 14.2190178783178
256, 11.8957715066982
257, 11.8957715066982
258, 11.8957715066982
259, 11.8957715066982
260, 11.8957715066982
261, 11.8957715066982
262, 11.8957715066982
263, 11.8957715066982
264, 11.8957715066982
265, 11.8957715066982
266, 11.8957715066982
267, 11.8957715066982
268, 11.8957715066982
269, 11.8957715066982
270, 9.65011009819915
271, 9.65011009819915
272, 9.65011009819915
273, 9.65011009819915
274, 9.65011009819915
275, 9.65011009819915
276, 9.65011009819915
277, 9.65011009819915
278, 9.65011009819915
279, 9.65011009819915
280, 9.65011009819915
281, 9.65011009819915
282, 9.65011009819915
283, 9.65011009819915
284, 9.65011009819915
285, 9.65011009819915
286, 9.65011009819915
287, 9.65011009819915
288, 9.65011009819915
289, 9.65011009819915
290, 9.65011009819915
291, 9.65011009819915
292, 8.86450454467901
293, 8.86450454467901
294, 8.86450454467901
295, 8.86450454467901
296, 8.86450454467901
297, 8.86450454467901
298, 8.86450454467901
299, 8.86450454467901
300, 8.86450454467901
301, 8.86450454467901
302, 8.86450454467901
303, 8.86450454467901
304, 8.86450454467901
305, 8.86450454467901
306, 8.86450454467901
307, 8.86450454467901
308, 8.86450454467901
309, 8.86450454467901
310, 8.86450454467901
311, 8.86450454467901
312, 8.86450454467901
313, 8.86450454467901
314, 8.86450454467901
315, 8.86450454467901
316, 8.86450454467901
317, 8.86450454467901
318, 8.86450454467901
319, 8.86450454467901
320, 8.86450454467901
321, 8.86450454467901
322, 8.86450454467901
323, 6.86449070217631
324, 6.86449070217631
325, 6.86449070217631
326, 6.86449070217631
327, 6.86449070217631
328, 6.86449070217631
329, 6.86449070217631
330, 6.86449070217631
331, 6.86449070217631
332, 6.86449070217631
333, 6.86449070217631
334, 6.86449070217631
335, 6.86449070217631
336, 6.86449070217631
337, 6.86449070217631
338, 6.86449070217631
339, 6.86449070217631
340, 6.86449070217631
341, 6.86449070217631
342, 6.86449070217631
343, 6.86449070217631
344, 6.86449070217631
345, 6.86449070217631
346, 6.86449070217631
347, 6.86449070217631
348, 6.86449070217631
349, 6.86449070217631
350, 6.86449070217631
351, 6.86449070217631
352, 6.86449070217631
353, 6.86449070217631
354, 6.86449070217631
355, 6.68815915346963
356, 6.68815915346963
357, 6.68815915346963
358, 6.68815915346963
359, 6.68815915346963
360, 6.68815915346963
361, 6.68815915346963
362, 6.68815915346963
363, 6.68815915346963
364, 6.68815915346963
365, 6.68815915346963
366, 6.68815915346963
367, 6.68815915346963
368, 6.68815915346963
369, 6.68815915346963
370, 6.68815915346963
371, 6.68815915346963
372, 6.68815915346963
373, 6.68815915346963
374, 6.68815915346963
375, 6.68815915346963
376, 6.68815915346963
377, 6.68815915346963
378, 6.68815915346963
379, 6.68815915346963
380, 6.68815915346963
381, 6.68815915346963
382, 6.68815915346963
383, 6.68815915346963
384, 6.68815915346963
385, 6.68815915346963
386, 6.68815915346963
387, 6.68815915346963
388, 6.68815915346963
389, 6.68815915346963
390, 6.68815915346963
391, 6.68815915346963
392, 6.68815915346963
393, 6.68815915346963
394, 6.68815915346963
395, 6.68815915346963
396, 6.68815915346963
397, 6.68815915346963
398, 6.68815915346963
399, 6.68815915346963
400, 6.68815915346963
401, 6.68815915346963
402, 6.68815915346963
403, 6.68815915346963
404, 6.68815915346963
405, 6.68815915346963
406, 6.68815915346963
407, 6.68815915346963
408, 6.66541806656969
409, 6.66541806656969
410, 6.66541806656969
411, 6.66541806656969
412, 6.66541806656969
413, 6.66541806656969
414, 6.66541806656969
415, 6.66541806656969
416, 6.66541806656969
417, 6.66541806656969
418, 6.66541806656969
419, 6.66541806656969
420, 6.66541806656969
421, 6.66541806656969
422, 6.66541806656969
423, 6.66541806656969
424, 6.66541806656969
425, 6.66541806656969
426, 6.66541806656969
427, 6.66541806656969
428, 6.11561429184437
429, 6.11561429184437
430, 6.11561429184437
431, 6.11561429184437
432, 6.11561429184437
433, 6.11561429184437
434, 6.11561429184437
435, 6.11561429184437
436, 6.11561429184437
437, 6.11561429184437
438, 6.11561429184437
439, 6.11561429184437
440, 6.05882321569753
441, 6.05882321569753
442, 6.05882321569753
443, 6.05882321569753
444, 6.05882321569753
445, 6.05882321569753
446, 6.05882321569753
447, 6.05882321569753
448, 5.95455568776002
449, 5.95455568776002
450, 5.95455568776002
451, 5.95455568776002
452, 5.95455568776002
453, 5.95455568776002
454, 5.95455568776002
455, 5.95455568776002
456, 5.95455568776002
457, 5.95455568776002
458, 5.95455568776002
459, 5.27037519777195
460, 5.27037519777195
461, 5.27037519777195
462, 5.27037519777195
463, 5.27037519777195
464, 5.27037519777195
465, 5.27037519777195
466, 5.27037519777195
467, 5.27037519777195
468, 3.85784502472174
469, 3.85784502472174
470, 3.85784502472174
471, 3.85784502472174
472, 3.85784502472174
473, 3.85784502472174
474, 3.85784502472174
475, 3.85784502472174
476, 3.85784502472174
477, 3.85784502472174
478, 3.85784502472174
479, 3.85784502472174
480, 3.85784502472174
481, 3.85784502472174
482, 3.85784502472174
483, 3.85784502472174
484, 3.85784502472174
485, 3.85784502472174
486, 3.85784502472174
487, 3.85784502472174
488, 3.85784502472174
489, 3.85784502472174
490, 3.07330900025657
491, 3.07330900025657
492, 3.07330900025657
493, 3.07330900025657
494, 3.07330900025657
495, 3.07330900025657
496, 3.07330900025657
497, 3.07330900025657
498, 3.07330900025657
499, 3.07330900025657
500, 3.07330900025657
501, 3.07330900025657
502, 3.07330900025657
503, 3.07330900025657
504, 3.07330900025657
505, 3.07330900025657
506, 3.07330900025657
507, 3.07330900025657
508, 3.07330900025657
509, 3.07330900025657
510, 3.07330900025657
511, 3.07330900025657
512, 3.07330900025657
513, 3.07330900025657
514, 3.07330900025657
515, 3.07330900025657
516, 3.07330900025657
517, 3.07330900025657
518, 3.07330900025657
519, 3.07330900025657
520, 3.07330900025657
521, 3.07330900025657
522, 3.07330900025657
523, 3.07330900025657
524, 3.07330900025657
525, 3.07330900025657
526, 3.07330900025657
527, 3.07330900025657
528, 3.07330900025657
529, 3.07330900025657
530, 3.07330900025657
531, 3.07330900025657
532, 3.07330900025657
533, 3.07330900025657
534, 3.07330900025657
535, 3.07330900025657
536, 3.07330900025657
537, 3.07330900025657
538, 2.95018518854906
539, 2.95018518854906
540, 2.95018518854906
541, 2.95018518854906
542, 2.95018518854906
543, 2.86998735374014
544, 2.86998735374014
545, 2.86998735374014
546, 2.86998735374014
547, 2.86998735374014
548, 2.76724457188493
549, 2.76724457188493
550, 2.76724457188493
551, 2.76724457188493
552, 2.58842514763295
553, 2.08483101077506
554, 2.08483101077506
555, 1.72678974376556
556, 1.72678974376556
557, 1.72678974376556
558, 1.72678974376556
559, 1.72678974376556
560, 1.72678974376556
561, 1.72678974376556
562, 1.72678974376556
563, 1.58701736112868
564, 1.58701736112868
565, 1.58701736112868
566, 1.58701736112868
567, 1.58701736112868
568, 1.58701736112868
569, 1.58701736112868
570, 1.58701736112868
571, 1.58701736112868
572, 1.58701736112868
573, 1.58701736112868
574, 1.58701736112868
575, 1.58701736112868
576, 1.58701736112868
577, 1.58701736112868
578, 1.58701736112868
579, 1.58701736112868
580, 1.58701736112868
581, 1.58701736112868
582, 1.58701736112868
583, 1.58701736112868
584, 1.58701736112868
585, 1.58701736112868
586, 0.901236639353035
587, 0.901236639353035
588, 0.901236639353035
589, 0.901236639353035
590, 0.901236639353035
591, 0.901236639353035
592, 0.901236639353035
593, 0.901236639353035
594, 0.901236639353035
595, 0.901236639353035
596, 0.901236639353035
597, 0.901236639353035
598, 0.901236639353035
599, 0.901236639353035
600, 0.900286851212808
601, 0.900286851212808
602, 0.900286851212808
603, 0.900286851212808
604, 0.900286851212808
605, 0.493417410008494
606, 0.493417410008494
607, 0.493417410008494
608, 0.493417410008494
609, 0.317778763528509
610, 0.317778763528509
611, 0.317778763528509
612, 0.317778763528509
613, 0.317778763528509
614, 0.300177370554893
615, 0.300177370554893
616, 0.300177370554893
617, 0.284263946198672
618, 0.284263946198672
619, 0.284263946198672
620, 0.284263946198672
621, 0.284263946198672
622, 0.22897477431852
623, 0.204600610560695
624, 0.204600610560695
625, 0.204600610560695
626, 0.189945332045275
627, 0.189945332045275
628, 0.189945332045275
629, 0.189945332045275
630, 0.189945332045275
631, 0.189945332045275
632, 0.189945332045275
633, 0.189945332045275
634, 0.148599298849737
635, 0.148401610672664
636, 0.148401610672664
637, 0.148401610672664
638, 0.148401610672664
639, 0.0907558072065537
640, 0.0907558072065537
641, 0.0907558072065537
642, 0.0907558072065537
643, 0.0907558072065537
644, 0.0907558072065537
645, 0.0907558072065537
646, 0.0907558072065537
647, 0.0907558072065537
648, 0.0907558072065537
649, 0.0907558072065537
650, 0.0832121571236595
651, 0.0832121571236595
652, 0.0832121571236595
653, 0.0832121571236595
654, 0.0640574679091852
655, 0.0640574679091852
656, 0.0640574679091852
657, 0.0626093441996236
658, 0.0626093441996236
659, 0.0626093441996236
660, 0.0509578119835776
661, 0.0339238067281951
662, 0.0339238067281951
663, 0.0330559827551689
664, 0.0195836059145424
665, 0.0178099716040148
666, 0.016750449842192
667, 0.016750449842192
668, 0.016750449842192
669, 0.016750449842192
670, 0.0140048430110422
671, 0.0140048430110422
672, 0.0140048430110422
673, 0.0140048430110422
674, 0.0100985797173063
675, 0.0100985797173063
676, 0.0100985797173063
677, 0.00976420396247413
678, 0.00965735583514871
679, 0.00965735583514871
680, 0.00965735583514871
681, 0.00965735583514871
682, 0.00796998086349809
683, 0.00796998086349809
684, 0.00796998086349809
685, 0.00769876416615567
686, 0.00769876416615567
687, 0.00395579879847041
688, 0.00395579879847041
689, 0.0038949628375704
690, 0.0038949628375704
691, 0.0038949628375704
692, 0.0038949628375704
693, 0.0038949628375704
694, 0.0038949628375704
695, 0.0038949628375704
696, 0.0038949628375704
697, 0.0038949628375704
698, 0.0038949628375704
699, 0.0038949628375704
700, 0.00338597660442908
701, 0.00253431178881769
702, 0.00253431178881769
703, 0.00253431178881769
704, 0.00253431178881769
705, 0.00253431178881769
706, 0.00122375647232964
707, 0.00122375647232964
708, 0.00122375647232964
709, 0.00114056365953275
710, 0.00114056365953275
711, 0.00114056365953275
712, 0.00114056365953275
713, 0.000890141758908669
714, 0.000643244654082054
715, 0.000643244654082054
716, 0.000643244654082054
717, 0.000643244654082054
718, 0.000643244654082054
719, 0.000643244654082054
720, 0.000640827372158981
721, 0.000640827372158981
722, 0.000640827372158981
723, 0.000640827372158981
724, 0.000500462814043701
725, 0.000500462814043701
726, 0.000427468347869109
727, 0.000427468347869109
728, 0.000427468347869109
729, 0.000318801880261788
730, 0.000200544908166123
731, 0.000200544908166123
732, 0.000200544908166123
733, 0.000200544908166123
734, 0.000200544908166123
735, 0.000200544908166123
736, 0.00018237594832371
737, 0.000166586536302304
738, 0.000166586536302304
739, 0.000166586536302304
740, 0.000134065512382264
741, 0.000134065512382264
742, 0.000134065512382264
743, 0.000134065512382264
744, 0.000134065512382264
745, 0.000134065512382264
746, 0.000134065512382264
747, 9.16390265146561E-05
748, 9.16390265146561E-05
749, 9.16390265146561E-05
750, 5.3934241087461E-05
751, 5.3934241087461E-05
752, 5.3934241087461E-05
753, 5.3934241087461E-05
754, 4.64109206568253E-05
755, 4.64109206568253E-05
756, 4.64109206568253E-05
757, 2.85725738304876E-05
758, 2.85725738304876E-05
759, 2.85725738304876E-05
760, 2.85725738304876E-05
761, 2.85725738304876E-05
762, 2.85725738304876E-05
763, 2.85725738304876E-05
764, 2.74258652055437E-05
765, 2.74258652055437E-05
766, 2.74258652055437E-05
767, 1.82068953371584E-05
768, 1.82068953371584E-05
769, 1.82068953371584E-05
770, 1.82068953371584E-05
771, 1.57331530381555E-05
772, 1.47537077861415E-05
773, 1.34198695178611E-05
774, 1.02319242092364E-05
775, 1.02319242092364E-05
776, 1.02319242092364E-05
777, 1.02319242092364E-05
778, 1.02319242092364E-05
779, 1.02319242092364E-05
780, 1.02319242092364E-05
781, 1.02319242092364E-05
782, 1.01131228600337E-05
783, 1.01131228600337E-05
784, 1.01131228600337E-05
785, 8.60617274867082E-06
786, 8.60617274867082E-06
787, 8.60617274867082E-06
788, 8.60617274867082E-06
789, 8.60617274867082E-06
790, 8.60617274867082E-06
791, 8.60617274867082E-06
792, 8.60617274867082E-06
793, 6.13527558890326E-06
794, 5.67415064622878E-06
795, 5.67415064622878E-06
796, 5.48643329523202E-06
797, 3.77192115585956E-06
798, 3.77192115585956E-06
799, 3.77192115585956E-06
800, 3.77192115585956E-06
801, 3.77192115585956E-06
802, 3.77192115585956E-06
803, 3.77192115585956E-06
804, 3.77192115585956E-06
805, 3.77192115585956E-06
806, 3.77192115585956E-06
807, 3.77192115585956E-06
808, 3.77192115585956E-06
809, 3.77192115585956E-06
810, 3.13552748920642E-06
811, 2.93328050560149E-06
812, 2.93328050560149E-06
813, 2.93328050560149E-06
814, 2.93328050560149E-06
815, 2.5591577568207E-06
816, 2.5591577568207E-06
817, 2.50842585103328E-06
818, 2.50842585103328E-06
819, 2.50842585103328E-06
820, 2.50842585103328E-06
821, 2.50842585103328E-06
822, 2.50842585103328E-06
823, 2.30748934981762E-06
824, 2.0864309338009E-06
825, 2.0864309338009E-06
826, 2.0864309338009E-06
827, 2.0864309338009E-06
828, 2.0864309338009E-06
829, 2.0864309338009E-06
830, 2.0864309338009E-06
831, 2.0864309338009E-06
832, 1.60686781391917E-06
833, 1.42759708943174E-06
834, 1.42759708943174E-06
835, 1.10853006418665E-06
836, 1.10853006418665E-06
837, 1.10853006418665E-06
838, 1.10853006418665E-06
839, 1.10853006418665E-06
840, 1.10853006418665E-06
841, 7.96905393229963E-07
842, 7.09486853267549E-07
843, 7.09486853267549E-07
844, 6.61926753409148E-07
845, 6.61926753409148E-07
846, 6.61926753409148E-07
847, 6.61926753409148E-07
848, 6.61926753409148E-07
849, 6.13487733502893E-07
850, 6.13487733502893E-07
851, 6.13487733502893E-07
852, 6.13487733502893E-07
853, 6.13487733502893E-07
854, 6.13487733502893E-07
855, 5.23769772442506E-07
856, 5.23769772442506E-07
857, 5.23769772442506E-07
858, 5.20708333340281E-07
859, 4.28457411771888E-07
860, 4.28457411771888E-07
861, 3.5955662802678E-07
862, 3.5955662802678E-07
863, 1.65524310702381E-07
864, 1.65524310702381E-07
865, 1.65524310702381E-07
866, 1.65524310702381E-07
867, 1.65524310702381E-07
868, 1.65524310702381E-07
869, 1.65524310702381E-07
870, 1.65524310702381E-07
871, 1.65524310702381E-07
872, 1.65524310702381E-07
873, 8.45388470338548E-08
874, 8.45388470338548E-08
875, 8.45388470338548E-08
876, 8.45388470338548E-08
877, 8.45388470338548E-08
878, 7.75849819945051E-08
879, 6.42334647693588E-08
880, 6.42334647693588E-08
881, 4.85793680837787E-08
882, 4.85793680837787E-08
883, 4.85793680837787E-08
884, 4.85793680837787E-08
885, 4.85793680837787E-08
886, 4.85793680837787E-08
887, 4.85793680837787E-08
888, 4.85793680837787E-08
889, 4.85793680837787E-08
890, 4.85793680837787E-08
891, 3.08967500473045E-08
892, 3.08967500473045E-08
893, 3.08967500473045E-08
894, 3.08967500473045E-08
895, 2.60394585893664E-08
896, 2.60394585893664E-08
897, 2.60394585893664E-08
898, 2.60394585893664E-08
899, 1.32884174774972E-08
900, 1.32884174774972E-08
901, 1.32884174774972E-08
902, 1.22531034207896E-08
903, 1.22531034207896E-08
904, 1.22531034207896E-08
905, 9.14165632082131E-09
906, 9.14165632082131E-09
907, 9.14165632082131E-09
908, 9.14165632082131E-09
909, 9.14165632082131E-09
910, 7.84809017773114E-09
911, 7.84809017773114E-09
912, 7.84809017773114E-09
913, 7.84809017773114E-09
914, 7.84809017773114E-09
915, 7.84809017773114E-09
916, 7.84809017773114E-09
917, 7.84809017773114E-09
918, 7.84809017773114E-09
919, 7.84809017773114E-09
920, 7.84809017773114E-09
921, 7.84809017773114E-09
922, 7.84809017773114E-09
923, 7.84809017773114E-09
924, 7.84809017773114E-09
925, 6.78747724691675E-09
926, 6.78747724691675E-09
927, 6.78747724691675E-09
928, 5.27835375407903E-09
929, 4.84280526791281E-09
930, 4.84280526791281E-09
931, 4.84280526791281E-09
932, 4.83841944287633E-09
933, 3.68555319596453E-09
934, 3.68555319596453E-09
935, 3.68555319596453E-09
936, 3.68555319596453E-09
937, 3.68555319596453E-09
938, 3.68555319596453E-09
939, 3.68555319596453E-09
940, 3.68555319596453E-09
941, 3.68555319596453E-09
942, 3.68555319596453E-09
943, 3.68555319596453E-09
944, 3.68555319596453E-09
945, 3.68555319596453E-09
946, 3.68555319596453E-09
947, 3.68555319596453E-09
948, 3.30568283857247E-09
949, 3.30568283857247E-09
950, 3.30568283857247E-09
951, 3.30568283857247E-09
952, 3.30568283857247E-09
953, 3.30568283857247E-09
954, 2.60241783678339E-09
955, 2.60241783678339E-09
956, 2.60241783678339E-09
957, 2.60241783678339E-09
958, 2.60241783678339E-09
959, 2.60241783678339E-09
960, 2.60241783678339E-09
961, 2.60241783678339E-09
962, 2.60241783678339E-09
963, 2.60241783678339E-09
964, 2.60241783678339E-09
965, 2.60241783678339E-09
966, 2.60241783678339E-09
967, 2.60241783678339E-09
968, 2.60241783678339E-09
969, 2.60241783678339E-09
970, 2.60241783678339E-09
971, 1.36939526385049E-09
972, 1.36939526385049E-09
973, 1.36939526385049E-09
974, 1.36939526385049E-09
975, 1.36939526385049E-09
976, 1.36939526385049E-09
977, 1.36939526385049E-09
978, 1.36939526385049E-09
979, 1.36939526385049E-09
980, 1.36939526385049E-09
981, 1.36939526385049E-09
982, 1.02567021542654E-09
983, 9.42605993259349E-10
984, 9.42605993259349E-10
985, 9.42605993259349E-10
986, 9.42605993259349E-10
987, 7.33876959202462E-10
988, 7.33876959202462E-10
989, 5.86965143156704E-10
990, 5.86965143156704E-10
991, 4.73351136065503E-10
992, 4.73351136065503E-10
993, 4.49825066084486E-10
994, 4.49825066084486E-10
995, 4.49825066084486E-10
996, 4.49825066084486E-10
997, 4.49825066084486E-10
998, 4.49825066084486E-10
999, 2.62255994698535E-10
1000, 2.62255994698535E-10
1001, 2.62255994698535E-10
1002, 2.62255994698535E-10
1003, 2.62255994698535E-10
1004, 2.62255994698535E-10
1005, 2.62255994698535E-10
1006, 2.62255994698535E-10
1007, 2.62255994698535E-10
1008, 2.62255994698535E-10
1009, 2.62255994698535E-10
1010, 2.62255994698535E-10
1011, 2.62255994698535E-10
1012, 2.62255994698535E-10
1013, 2.62255994698535E-10
1014, 2.62255994698535E-10
1015, 2.62255994698535E-10
1016, 2.62255994698535E-10
1017, 2.4879476256956E-10
1018, 2.4879476256956E-10
1019, 2.4879476256956E-10
1020, 2.4879476256956E-10
1021, 2.4879476256956E-10
1022, 2.4879476256956E-10
1023, 2.4879476256956E-10
1024, 1.79541714828702E-10
1025, 1.79541714828702E-10
1026, 1.79541714828702E-10
1027, 1.79541714828702E-10
1028, 1.79541714828702E-10
1029, 1.79541714828702E-10
1030, 1.79541714828702E-10
1031, 1.79541714828702E-10
1032, 1.44218859077228E-10
1033, 1.44218859077228E-10
1034, 1.17008625011294E-10
1035, 1.17008625011294E-10
1036, 1.0932232896721E-10
1037, 1.0932232896721E-10
1038, 1.0932232896721E-10
1039, 1.0932232896721E-10
1040, 1.01824326748101E-10
1041, 7.241673927183E-11
1042, 7.241673927183E-11
1043, 7.241673927183E-11
1044, 7.241673927183E-11
1045, 7.241673927183E-11
1046, 3.71223052297864E-11
1047, 3.71223052297864E-11
1048, 3.71223052297864E-11
1049, 3.71223052297864E-11
1050, 3.44613226843649E-11
1051, 3.44613226843649E-11
1052, 3.44613226843649E-11
1053, 3.44613226843649E-11
1054, 3.44613226843649E-11
1055, 3.44613226843649E-11
1056, 2.60609311908411E-11
1057, 2.60609311908411E-11
1058, 2.60609311908411E-11
1059, 2.60609311908411E-11
1060, 2.60609311908411E-11
1061, 2.60609311908411E-11
1062, 2.18811635477323E-11
1063, 2.04636307898909E-11
1064, 1.9793944261437E-11
1065, 1.9793944261437E-11
1066, 1.9793944261437E-11
1067, 1.8165025039707E-11
1068, 1.03419495189883E-11
1069, 9.42534938985773E-12
1070, 8.19966317067156E-12
1071, 8.19966317067156E-12
1072, 8.19966317067156E-12
1073, 8.19966317067156E-12
1074, 8.19966317067156E-12
1075, 8.19966317067156E-12
1076, 8.19966317067156E-12
1077, 7.7680084586973E-12
1078, 7.7680084586973E-12
1079, 7.7680084586973E-12
1080, 7.7680084586973E-12
1081, 6.23501250629488E-12
1082, 6.23501250629488E-12
1083, 6.13376016644906E-12
1084, 4.9773518639995E-12
1085, 4.9773518639995E-12
1086, 4.55102622254344E-12
1087, 4.55102622254344E-12
1088, 3.76232378584973E-12
1089, 3.76232378584973E-12
1090, 3.76232378584973E-12
1091, 3.76232378584973E-12
1092, 3.76232378584973E-12
1093, 3.76232378584973E-12
1094, 1.68398628375144E-12
1095, 1.68398628375144E-12
1096, 1.68398628375144E-12
1097, 1.68398628375144E-12
1098, 1.68398628375144E-12
1099, 1.68398628375144E-12
1100, 1.68398628375144E-12
1101, 1.68398628375144E-12
1102, 1.68398628375144E-12
1103, 1.68398628375144E-12
1104, 1.68398628375144E-12
1105, 1.68398628375144E-12
1106, 1.68398628375144E-12
1107, 1.68398628375144E-12
1108, 1.68398628375144E-12
1109, 1.68398628375144E-12
1110, 1.68398628375144E-12
1111, 1.68398628375144E-12
1112, 1.68398628375144E-12
1113, 1.54365409343882E-12
1114, 1.54365409343882E-12
1115, 1.49924517245381E-12
1116, 1.49924517245381E-12
1117, 1.49924517245381E-12
1118, 1.49924517245381E-12
1119, 1.49924517245381E-12
1120, 1.49924517245381E-12
1121, 1.49924517245381E-12
1122, 1.49924517245381E-12
1123, 1.49924517245381E-12
1124, 1.49924517245381E-12
1125, 1.49924517245381E-12
1126, 1.49924517245381E-12
1127, 1.49924517245381E-12
1128, 1.49924517245381E-12
1129, 1.49924517245381E-12
1130, 1.49924517245381E-12
1131, 1.49924517245381E-12
1132, 1.49924517245381E-12
1133, 1.46194167882641E-12
1134, 1.46194167882641E-12
1135, 1.16529008664656E-12
1136, 1.16529008664656E-12
1137, 1.16529008664656E-12
1138, 1.16529008664656E-12
1139, 1.16529008664656E-12
1140, 1.16529008664656E-12
1141, 1.16529008664656E-12
1142, 1.16529008664656E-12
1143, 1.16529008664656E-12
1144, 1.16529008664656E-12
1145, 1.16529008664656E-12
1146, 1.16529008664656E-12
1147, 9.87654402706539E-13
1148, 9.87654402706539E-13
1149, 9.87654402706539E-13
1150, 9.87654402706539E-13
1151, 9.87654402706539E-13
1152, 9.87654402706539E-13
1153, 9.87654402706539E-13
1154, 9.87654402706539E-13
1155, 9.87654402706539E-13
1156, 7.46069872548105E-13
1157, 7.46069872548105E-13
1158, 7.46069872548105E-13
1159, 6.59028387417493E-13
1160, 6.59028387417493E-13
1161, 6.59028387417493E-13
1162, 6.59028387417493E-13
1163, 6.59028387417493E-13
1164, 6.59028387417493E-13
1165, 3.12638803734444E-13
1166, 1.98951966012828E-13
1167, 1.98951966012828E-13
1168, 1.98951966012828E-13
1169, 1.98951966012828E-13
1170, 1.98951966012828E-13
1171, 1.98951966012828E-13
1172, 1.98951966012828E-13
1173, 1.98951966012828E-13
1174, 1.98951966012828E-13
1175, 1.98951966012828E-13
1176, 1.98951966012828E-13
1177, 1.98951966012828E-13
1178, 1.98951966012828E-13
1179, 1.98951966012828E-13
1180, 1.98951966012828E-13
1181, 1.98951966012828E-13
1182, 1.98951966012828E-13
1183, 1.98951966012828E-13
1184, 1.98951966012828E-13
1185, 1.81188397618826E-13
1186, 1.81188397618826E-13
1187, 1.81188397618826E-13
1188, 1.35003119794419E-13
1189, 1.35003119794419E-13
1190, 1.13686837721616E-13
1191, 1.13686837721616E-13
1192, 1.13686837721616E-13
1193, 1.13686837721616E-13
1194, 1.13686837721616E-13
1195, 1.04805053524615E-13
1196, 1.04805053524615E-13
1197, 9.2370555648813E-14
1198, 9.2370555648813E-14
1199, 9.2370555648813E-14
1200, 9.2370555648813E-14
1201, 9.2370555648813E-14
1202, 9.2370555648813E-14
1203, 9.2370555648813E-14
1204, 9.2370555648813E-14
1205, 9.2370555648813E-14
1206, 9.2370555648813E-14
1207, 9.2370555648813E-14
1208, 9.2370555648813E-14
1209, 5.50670620214078E-14
1210, 5.50670620214078E-14
1211, 4.79616346638068E-14
1212, 4.79616346638068E-14
1213, 4.79616346638068E-14
1214, 4.79616346638068E-14
1215, 4.79616346638068E-14
1216, 4.79616346638068E-14
1217, 4.79616346638068E-14
1218, 4.79616346638068E-14
1219, 4.79616346638068E-14
1220, 4.79616346638068E-14
1221, 4.79616346638068E-14
1222, 4.79616346638068E-14
1223, 4.79616346638068E-14
1224, 4.79616346638068E-14
1225, 4.79616346638068E-14
1226, 4.79616346638068E-14
1227, 4.79616346638068E-14
1228, 4.79616346638068E-14
1229, 4.2632564145606E-14
1230, 4.2632564145606E-14
1231, 4.2632564145606E-14
1232, 3.90798504668055E-14
1233, 3.90798504668055E-14
1234, 3.90798504668055E-14
1235, 3.90798504668055E-14
1236, 2.8421709430404E-14
1237, 2.8421709430404E-14
1238, 2.66453525910038E-14
1239, 2.66453525910038E-14
1240, 2.1316282072803E-14
1241, 2.1316282072803E-14
1242, 2.1316282072803E-14
1243, 2.1316282072803E-14
1244, 2.1316282072803E-14
1245, 1.95399252334028E-14
1246, 1.95399252334028E-14
1247, 1.95399252334028E-14
1248, 1.95399252334028E-14
1249, 1.95399252334028E-14
1250, 1.59872115546023E-14
1251, 1.4210854715202E-14
1252, 1.4210854715202E-14
1253, 1.4210854715202E-14
1254, 1.4210854715202E-14
1255, 1.4210854715202E-14
1256, 1.4210854715202E-14
1257, 1.4210854715202E-14
1258, 1.24344978758018E-14
1259, 1.24344978758018E-14
1260, 1.24344978758018E-14
1261, 1.24344978758018E-14
1262, 1.24344978758018E-14
1263, 1.24344978758018E-14
1264, 1.24344978758018E-14
1265, 1.24344978758018E-14
1266, 1.24344978758018E-14
1267, 1.24344978758018E-14
1268, 1.24344978758018E-14
1269, 1.24344978758018E-14
1270, 1.06581410364015E-14
1271, 1.06581410364015E-14
1272, 7.105427357601E-15
1273, 7.105427357601E-15
1274, 7.105427357601E-15
1275, 5.32907051820075E-15
1276, 5.32907051820075E-15
1277, 5.32907051820075E-15
1278, 5.32907051820075E-15
1279, 5.32907051820075E-15
1280, 5.32907051820075E-15
1281, 5.32907051820075E-15
1282, 5.32907051820075E-15
1283, 5.32907051820075E-15
1284, 5.32907051820075E-15
1285, 5.32907051820075E-15
1286, 5.32907051820075E-15
1287, 5.32907051820075E-15
1288, 5.32907051820075E-15
1289, 5.32907051820075E-15
1290, 5.32907051820075E-15
1291, 5.32907051820075E-15
1292, 5.32907051820075E-15
1293, 5.32907051820075E-15
1294, 5.32907051820075E-15
1295, 5.32907051820075E-15
1296, 5.32907051820075E-15
1297, 5.32907051820075E-15
1298, 5.32907051820075E-15
1299, 5.32907051820075E-15
1300, 5.32907051820075E-15
1301, 5.32907051820075E-15
1302, 5.32907051820075E-15
1303, 5.32907051820075E-15
1304, 5.32907051820075E-15
1305, 5.32907051820075E-15
1306, 5.32907051820075E-15
1307, 5.32907051820075E-15
1308, 5.32907051820075E-15
1309, 5.32907051820075E-15
1310, 5.32907051820075E-15
1311, 1.77635683940025E-15
1312, 1.77635683940025E-15
1313, 1.77635683940025E-15
1314, 1.77635683940025E-15
1315, 1.77635683940025E-15
1316, 1.77635683940025E-15
1317, 1.77635683940025E-15
1318, 1.77635683940025E-15
1319, 1.77635683940025E-15
1320, 1.77635683940025E-15
1321, 1.77635683940025E-15
1322, 1.77635683940025E-15
1323, 1.77635683940025E-15
1324, 1.77635683940025E-15
1325, 1.77635683940025E-15
1326, 1.77635683940025E-15
1327, 1.77635683940025E-15
1328, 1.77635683940025E-15
1329, 0
1330, 0
1331, 0
1332, 0
1333, 0
1334, 0
1335, 0
1336, 0
1337, 0
1338, 0
1339, 0
1340, 0
1341, 0
1342, 0
1343, 0
1344, 0
1345, 0
1346, 0
1347, 0
1348, 0
1349, 0
1350, 0
1351, 0
1352, 0
1353, 0
1354, 0
1355, 0
1356, 0
1357, 0
1358, 0
1359, 0
1360, 0
1361, 0
1362, 0
1363, 0
1364, 0
1365, 0
1366, 0
1367, 0
1368, 0
1369, 0
1370, 0
1371, 0
1372, 0
1373, 0
1374, 0
1375, 0
1376, 0
1377, 0
1378, 0
1379, 0
1380, 0
1381, 0
1382, 0
1383, 0
1384, 0
1385, 0
1386, 0
1387, 0
1388, 0
1389, 0
1390, 0
1391, 0
1392, 0
1393, 0
1394, 0
1395, 0
1396, 0
1397, 0
1398, 0
1399, 0
1400, 0
1401, 0
1402, 0
1403, 0
1404, 0
1405, 0
1406, 0
1407, 0
1408, 0
1409, 0
1410, 0
1411, 0
1412, 0
1413, 0
1414, 0
1415, 0
1416, 0
1417, 0
1418, 0
1419, 0
1420, 0
1421, 0
1422, 0
1423, 0
1424, 0
1425, 0
1426, 0
1427, 0
1428, 0
1429, 0
1430, 0
1431, 0
1432, 0
1433, 0
1434, 0
1435, 0
1436, 0
1437, 0
1438, 0
1439, 0
1440, 0
1441, 0
1442, 0
1443, 0
1444, 0
1445, 0
1446, 0
1447, 0
1448, 0
1449, 0
1450, 0
1451, 0
1452, 0
1453, 0
1454, 0
1455, 0
1456, 0
1457, 0
1458, 0
1459, 0
1460, 0
1461, 0
1462, 0
1463, 0
1464, 0
1465, 0
1466, 0
1467, 0
1468, 0
1469, 0
1470, 0
1471, 0
1472, 0
1473, 0
1474, 0
1475, 0
1476, 0
1477, 0
1478, 0
1479, 0
1480, 0
1481, 0
1482, 0
1483, 0
1484, 0
1485, 0
1486, 0
1487, 0
1488, 0
1489, 0
1490, 0
1491, 0
1492, 0
1493, 0
1494, 0
1495, 0
1496, 0
1497, 0
1498, 0
1499, 0
1500, 0
1501, 0
1502, 0
1503, 0
1504, 0
1505, 0
1506, 0
1507, 0
1508, 0
1509, 0
1510, 0
1511, 0
1512, 0
1513, 0
1514, 0
1515, 0
1516, 0
1517, 0
1518, 0
1519, 0
1520, 0
1521, 0
1522, 0
1523, 0
1524, 0
1525, 0
1526, 0
1527, 0
1528, 0
1529, 0
1530, 0
1531, 0
1532, 0
1533, 0
1534, 0
1535, 0
1536, 0
1537, 0
1538, 0
1539, 0
1540, 0
1541, 0
1542, 0
1543, 0
1544, 0
1545, 0
1546, 0
1547, 0
1548, 0
1549, 0
1550, 0
1551, 0
1552, 0
1553, 0
1554, 0
1555, 0
1556, 0
1557, 0
1558, 0
1559, 0
1560, 0
1561, 0
1562, 0
1563, 0
1564, 0
1565, 0
1566, 0
1567, 0
1568, 0
1569, 0
1570, 0
1571, 0
1572, 0
1573, 0
1574, 0
1575, 0
1576, 0
1577, 0
1578, 0
1579, 0
1580, 0
1581, 0
1582, 0
1583, 0
1584, 0
1585, 0
1586, 0
1587, 0
1588, 0
1589, 0
1590, 0
1591, 0
1592, 0
1593, 0
1594, 0
1595, 0
1596, 0
1597, 0
1598, 0
1599, 0
1600, 0
1601, 0
1602, 0
1603, 0
1604, 0
1605, 0
1606, 0
1607, 0
1608, 0
1609, 0
1610, 0
1611, 0
1612, 0
1613, 0
1614, 0
1615, 0
1616, 0
1617, 0
1618, 0
1619, 0
1620, 0
1621, 0
1622, 0
1623, 0
1624, 0
1625, 0
1626, 0
1627, 0
1628, 0
1629, 0
1630, 0
1631, 0
1632, 0
1633, 0
1634, 0
1635, 0
1636, 0
1637, 0
1638, 0
1639, 0
1640, 0
1641, 0
1642, 0
1643, 0
1644, 0
1645, 0
1646, 0
1647, 0
1648, 0
1649, 0
1650, 0
1651, 0
1652, 0
1653, 0
1654, 0
1655, 0
1656, 0
1657, 0
1658, 0
1659, 0
1660, 0
1661, 0
1662, 0
1663, 0
1664, 0
1665, 0
1666, 0
1667, 0
1668, 0
1669, 0
1670, 0
1671, 0
1672, 0
1673, 0
1674, 0
1675, 0
1676, 0
1677, 0
1678, 0
1679, 0
1680, 0
1681, 0
1682, 0
1683, 0
1684, 0
1685, 0
1686, 0
1687, 0
1688, 0
1689, 0
1690, 0
1691, 0
1692, 0
1693, 0
1694, 0
1695, 0
1696, 0
1697, 0
1698, 0
1699, 0
1700, 0
1701, 0
1702, 0
1703, 0
1704, 0
1705, 0
1706, 0
1707, 0
1708, 0
1709, 0
1710, 0
1711, 0
1712, 0
1713, 0
1714, 0
1715, 0
1716, 0
1717, 0
1718, 0
1719, 0
1720, 0
1721, 0
1722, 0
1723, 0
1724, 0
1725, 0
1726, 0
1727, 0
1728, 0
1729, 0
1730, 0
1731, 0
1732, 0
1733, 0
1734, 0
1735, 0
1736, 0
1737, 0
1738, 0
1739, 0
1740, 0
1741, 0
1742, 0
1743, 0
1744, 0
1745, 0
1746, 0
1747, 0
1748, 0
1749, 0
1750, 0
1751, 0
1752, 0
1753, 0
1754, 0
1755, 0
1756, 0
1757, 0
1758, 0
1759, 0
1760, 0
1761, 0
1762, 0
1763, 0
1764, 0
1765, 0
1766, 0
1767, 0
1768, 0
1769, 0
1770, 0
1771, 0
1772, 0
1773, 0
1774, 0
1775, 0
1776, 0
1777, 0
1778, 0
1779, 0
1780, 0
1781, 0
1782, 0
1783, 0
1784, 0
1785, 0
1786, 0
1787, 0
1788, 0
1789, 0
1790, 0
1791, 0
1792, 0
1793, 0
1794, 0
1795, 0
1796, 0
1797, 0
1798, 0
1799, 0
1800, 0
1801, 0
1802, 0
1803, 0
1804, 0
1805, 0
1806, 0
1807, 0
1808, 0
1809, 0
1810, 0
1811, 0
1812, 0
1813, 0
1814, 0
1815, 0
1816, 0
1817, 0
1818, 0
1819, 0
1820, 0
1821, 0
1822, 0
1823, 0
1824, 0
1825, 0
1826, 0
1827, 0
1828, 0
1829, 0
1830, 0
1831, 0
1832, 0
1833, 0
1834, 0
1835, 0
1836, 0
1837, 0
1838, 0
1839, 0
1840, 0
1841, 0
1842, 0
1843, 0
1844, 0
1845, 0
1846, 0
1847, 0
1848, 0
1849, 0
1850, 0
1851, 0
1852, 0
1853, 0
1854, 0
1855, 0
1856, 0
1857, 0
1858, 0
1859, 0
1860, 0
1861, 0
1862, 0
1863, 0
1864, 0
1865, 0
1866, 0
1867, 0
1868, 0
1869, 0
1870, 0
1871, 0
1872, 0
1873, 0
1874, 0
1875, 0
1876, 0
1877, 0
1878, 0
1879, 0
1880, 0
1881, 0
1882, 0
1883, 0
1884, 0
1885, 0
1886, 0
1887, 0
1888, 0
1889, 0
1890, 0
1891, 0
1892, 0
1893, 0
1894, 0
1895, 0
1896, 0
1897, 0
1898, 0
1899, 0
1900, 0
1901, 0
1902, 0
1903, 0
1904, 0
1905, 0
1906, 0
1907, 0
1908, 0
1909, 0
1910, 0
1911, 0
1912, 0
1913, 0
1914, 0
1915, 0
1916, 0
1917, 0
1918, 0
1919, 0
1920, 0
1921, 0
1922, 0
1923, 0
1924, 0
1925, 0
1926, 0
1927, 0
1928, 0
1929, 0
1930, 0
1931, 0
1932, 0
1933, 0
1934, 0
1935, 0
1936, 0
1937, 0
1938, 0
1939, 0
1940, 0
1941, 0
1942, 0
1943, 0
1944, 0
1945, 0
1946, 0
1947, 0
1948, 0
1949, 0
1950, 0
1951, 0
1952, 0
1953, 0
1954, 0
1955, 0
1956, 0
1957, 0
1958, 0
1959, 0
1960, 0
1961, 0
1962, 0
1963, 0
1964, 0
1965, 0
1966, 0
1967, 0
1968, 0
1969, 0
1970, 0
1971, 0
1972, 0
1973, 0
1974, 0
1975, 0
1976, 0
1977, 0
1978, 0
1979, 0
1980, 0
1981, 0
1982, 0
1983, 0
1984, 0
1985, 0
1986, 0
1987, 0
1988, 0
1989, 0
1990, 0
1991, 0
1992, 0
1993, 0
1994, 0
1995, 0
1996, 0
1997, 0
1998, 0
1999, 0
2000, 0
2001, 0
2002, 0
2003, 0
2004, 0
2005, 0
2006, 0
2007, 0
2008, 0
2009, 0
2010, 0
2011, 0
2012, 0
2013, 0
2014, 0
2015, 0
2016, 0
2017, 0
2018, 0
2019, 0
2020, 0
2021, 0
2022, 0
2023, 0
2024, 0
2025, 0
2026, 0
2027, 0
2028, 0
2029, 0
2030, 0
2031, 0
2032, 0
2033, 0
2034, 0
2035, 0
2036, 0
2037, 0
2038, 0
2039, 0
2040, 0
2041, 0
2042, 0
2043, 0
2044, 0
2045, 0
2046, 0
2047, 0
2048, 0
2049, 0
2050, 0
2051, 0
2052, 0
2053, 0
2054, 0
2055, 0
2056, 0
2057, 0
2058, 0
2059, 0
2060, 0
2061, 0
2062, 0
2063, 0
2064, 0
2065, 0
2066, 0
2067, 0
2068, 0
2069, 0
2070, 0
2071, 0
2072, 0
2073, 0
2074, 0
2075, 0
2076, 0
2077, 0
2078, 0
2079, 0
2080, 0
2081, 0
2082, 0
2083, 0
2084, 0
2085, 0
2086, 0
2087, 0
2088, 0
2089, 0
2090, 0
2091, 0
2092, 0
2093, 0
2094, 0
2095, 0
2096, 0
2097, 0
2098, 0
2099, 0
2100, 0
2101, 0
2102, 0
2103, 0
2104, 0
2105, 0
2106, 0
2107, 0
2108, 0
2109, 0
2110, 0
2111, 0
2112, 0
2113, 0
2114, 0
2115, 0
2116, 0
2117, 0
2118, 0
2119, 0
2120, 0
2121, 0
2122, 0
2123, 0
2124, 0
2125, 0
2126, 0
2127, 0
2128, 0
2129, 0
2130, 0
2131, 0
2132, 0
2133, 0
2134, 0
2135, 0
2136, 0
2137, 0
2138, 0
2139, 0
2140, 0
2141, 0
2142, 0
2143, 0
2144, 0
2145, 0
2146, 0
2147, 0
2148, 0
2149, 0
2150, 0
2151, 0
2152, 0
2153, 0
2154, 0
2155, 0
2156, 0
2157, 0
2158, 0
2159, 0
2160, 0
2161, 0
2162, 0
2163, 0
2164, 0
2165, 0
2166, 0
2167, 0
2168, 0
2169, 0
2170, 0
2171, 0
2172, 0
2173, 0
2174, 0
2175, 0
2176, 0
2177, 0
2178, 0
2179, 0
2180, 0
2181, 0
2182, 0
2183, 0
2184, 0
2185, 0
2186, 0
2187, 0
2188, 0
2189, 0
2190, 0
2191, 0
2192, 0
2193, 0
2194, 0
2195, 0
2196, 0
2197, 0
2198, 0
2199, 0
2200, 0
2201, 0
2202, 0
2203, 0
2204, 0
2205, 0
2206, 0
2207, 0
2208, 0
2209, 0
2210, 0
2211, 0
2212, 0
2213, 0
2214, 0
2215, 0
2216, 0
2217, 0
2218, 0
2219, 0
2220, 0
2221, 0
2222, 0
2223, 0
2224, 0
2225, 0
2226, 0
2227, 0
2228, 0
2229, 0
2230, 0
2231, 0
2232, 0
2233, 0
2234, 0
2235, 0
2236, 0
2237, 0
2238, 0
2239, 0
2240, 0
2241, 0
2242, 0
2243, 0
2244, 0
2245, 0
2246, 0
2247, 0
2248, 0
2249, 0
2250, 0
2251, 0
2252, 0
2253, 0
2254, 0
2255, 0
2256, 0
2257, 0
2258, 0
2259, 0
2260, 0
2261, 0
2262, 0
2263, 0
2264, 0
2265, 0
2266, 0
2267, 0
2268, 0
2269, 0
2270, 0
2271, 0
2272, 0
2273, 0
2274, 0
2275, 0
2276, 0
2277, 0
2278, 0
2279, 0
2280, 0
2281, 0
2282, 0
2283, 0
2284, 0
2285, 0
2286, 0
2287, 0
2288, 0
2289, 0
2290, 0
2291, 0
2292, 0
2293, 0
2294, 0
2295, 0
2296, 0
2297, 0
2298, 0
2299, 0
2300, 0
2301, 0
2302, 0
2303, 0
2304, 0
2305, 0
2306, 0
2307, 0
2308, 0
2309, 0
2310, 0
2311, 0
2312, 0
2313, 0
2314, 0
2315, 0
2316, 0
2317, 0
2318, 0
2319, 0
2320, 0
2321, 0
2322, 0
2323, 0
2324, 0
2325, 0
2326, 0
2327, 0
2328, 0
2329, 0
2330, 0
2331, 0
2332, 0
2333, 0
2334, 0
2335, 0
2336, 0
2337, 0
2338, 0
2339, 0
2340, 0
2341, 0
2342, 0
2343, 0
2344, 0
2345, 0
2346, 0
2347, 0
2348, 0
2349, 0
2350, 0
2351, 0
2352, 0
2353, 0
2354, 0
2355, 0
2356, 0
2357, 0
2358, 0
2359, 0
2360, 0
2361, 0
2362, 0
2363, 0
2364, 0
2365, 0
2366, 0
2367, 0
2368, 0
2369, 0
2370, 0
2371, 0
2372, 0
2373, 0
2374, 0
2375, 0
2376, 0
2377, 0
2378, 0
2379, 0
2380, 0
2381, 0
2382, 0
2383, 0
2384, 0
2385, 0
2386, 0
2387, 0
2388, 0
2389, 0
2390, 0
2391, 0
2392, 0
2393, 0
2394, 0
2395, 0
2396, 0
2397, 0
2398, 0
2399, 0
2400, 0
2401, 0
2402, 0
2403, 0
2404, 0
2405, 0
2406, 0
2407, 0
2408, 0
2409, 0
2410, 0
2411, 0
2412, 0
2413, 0
2414, 0
2415, 0
2416, 0
2417, 0
2418, 0
2419, 0
2420, 0
2421, 0
2422, 0
2423, 0
2424, 0
2425, 0
2426, 0
2427, 0
2428, 0
2429, 0
2430, 0
2431, 0
2432, 0
2433, 0
2434, 0
2435, 0
2436, 0
2437, 0
2438, 0
2439, 0
2440, 0
2441, 0
2442, 0
2443, 0
2444, 0
2445, 0
2446, 0
2447, 0
2448, 0
2449, 0
2450, 0
2451, 0
2452, 0
2453, 0
2454, 0
2455, 0
2456, 0
2457, 0
2458, 0
2459, 0
2460, 0
2461, 0
2462, 0
2463, 0
2464, 0
2465, 0
2466, 0
2467, 0
2468, 0
2469, 0
2470, 0
2471, 0
2472, 0
2473, 0
2474, 0
2475, 0
2476, 0
2477, 0
2478, 0
2479, 0
2480, 0
2481, 0
2482, 0
2483, 0
2484, 0
2485, 0
2486, 0
2487, 0
2488, 0
2489, 0
2490, 0
2491, 0
2492, 0
2493, 0
2494, 0
2495, 0
2496, 0
2497, 0
2498, 0
2499, 0
2500, 0
2501, 0
2502, 0
2503, 0
2504, 0
2505, 0
2506, 0
2507, 0
2508, 0
2509, 0
2510, 0
2511, 0
2512, 0
2513, 0
2514, 0
2515, 0
2516, 0
2517, 0
2518, 0
2519, 0
2520, 0
2521, 0
2522, 0
2523, 0
2524, 0
2525, 0
2526, 0
2527, 0
2528, 0
2529, 0
2530, 0
2531, 0
2532, 0
2533, 0
2534, 0
2535, 0
2536, 0
2537, 0
2538, 0
2539, 0
2540, 0
2541, 0
2542, 0
2543, 0
2544, 0
2545, 0
2546, 0
2547, 0
2548, 0
2549, 0
2550, 0
2551, 0
2552, 0
2553, 0
2554, 0
2555, 0
2556, 0
2557, 0
2558, 0
2559, 0
2560, 0
2561, 0
2562, 0
2563, 0
2564, 0
2565, 0
2566, 0
2567, 0
2568, 0
2569, 0
2570, 0
2571, 0
2572, 0
2573, 0
2574, 0
2575, 0
2576, 0
2577, 0
2578, 0
2579, 0
2580, 0
2581, 0
2582, 0
2583, 0
2584, 0
2585, 0
2586, 0
2587, 0
2588, 0
2589, 0
2590, 0
2591, 0
2592, 0
2593, 0
2594, 0
2595, 0
2596, 0
2597, 0
2598, 0
2599, 0
2600, 0
2601, 0
2602, 0
2603, 0
2604, 0
2605, 0
2606, 0
2607, 0
2608, 0
2609, 0
2610, 0
2611, 0
2612, 0
2613, 0
2614, 0
2615, 0
2616, 0
2617, 0
2618, 0
2619, 0
2620, 0
2621, 0
2622, 0
2623, 0
2624, 0
2625, 0
2626, 0
2627, 0
2628, 0
2629, 0
2630, 0
2631, 0
2632, 0
2633, 0
2634, 0
2635, 0
2636, 0
2637, 0
2638, 0
2639, 0
2640, 0
2641, 0
2642, 0
2643, 0
2644, 0
2645, 0
2646, 0
2647, 0
2648, 0
2649, 0
2650, 0
2651, 0
2652, 0
2653, 0
2654, 0
2655, 0
2656, 0
2657, 0
2658, 0
2659, 0
2660, 0
2661, 0
2662, 0
2663, 0
2664, 0
2665, 0
2666, 0
2667, 0
2668, 0
2669, 0
2670, 0
2671, 0
2672, 0
2673, 0
2674, 0
2675, 0
2676, 0
2677, 0
2678, 0
2679, 0
2680, 0
2681, 0
2682, 0
2683, 0
2684, 0
2685, 0
2686, 0
2687, 0
2688, 0
2689, 0
2690, 0
2691, 0
2692, 0
2693, 0
2694, 0
2695, 0
2696, 0
2697, 0
2698, 0
2699, 0
2700, 0
2701, 0
2702, 0
2703, 0
2704, 0
2705, 0
2706, 0
2707, 0
2708, 0
2709, 0
2710, 0
2711, 0
2712, 0
2713, 0
2714, 0
2715, 0
2716, 0
2717, 0
2718, 0
2719, 0
2720, 0
2721, 0
2722, 0
2723, 0
2724, 0
2725, 0
2726, 0
2727, 0
2728, 0
2729, 0
2730, 0
2731, 0
2732, 0
2733, 0
2734, 0
2735, 0
2736, 0
2737, 0
2738, 0
2739, 0
2740, 0
2741, 0
2742, 0
2743, 0
2744, 0
2745, 0
2746, 0
2747, 0
2748, 0
2749, 0
2750, 0
2751, 0
2752, 0
2753, 0
2754, 0
2755, 0
2756, 0
2757, 0
2758, 0
2759, 0
2760, 0
2761, 0
2762, 0
2763, 0
2764, 0
2765, 0
2766, 0
2767, 0
2768, 0
2769, 0
2770, 0
2771, 0
2772, 0
2773, 0
2774, 0
2775, 0
2776, 0
2777, 0
2778, 0
2779, 0
2780, 0
2781, 0
2782, 0
2783, 0
2784, 0
2785, 0
2786, 0
2787, 0
2788, 0
2789, 0
2790, 0
2791, 0
2792, 0
2793, 0
2794, 0
2795, 0
2796, 0
2797, 0
2798, 0
2799, 0
2800, 0
2801, 0
2802, 0
2803, 0
2804, 0
2805, 0
2806, 0
2807, 0
2808, 0
2809, 0
2810, 0
2811, 0
2812, 0
2813, 0
2814, 0
2815, 0
2816, 0
2817, 0
2818, 0
2819, 0
2820, 0
2821, 0
2822, 0
2823, 0
2824, 0
2825, 0
2826, 0
2827, 0
2828, 0
2829, 0
2830, 0
2831, 0
2832, 0
2833, 0
2834, 0
2835, 0
2836, 0
2837, 0
2838, 0
2839, 0
2840, 0
2841, 0
2842, 0
2843, 0
2844, 0
2845, 0
2846, 0
2847, 0
2848, 0
2849, 0
2850, 0
2851, 0
2852, 0
2853, 0
2854, 0
2855, 0
2856, 0
2857, 0
2858, 0
2859, 0
2860, 0
2861, 0
2862, 0
2863, 0
2864, 0
2865, 0
2866, 0
2867, 0
2868, 0
2869, 0
2870, 0
2871, 0
2872, 0
2873, 0
2874, 0
2875, 0
2876, 0
2877, 0
2878, 0
2879, 0
2880, 0
2881, 0
2882, 0
2883, 0
2884, 0
2885, 0
2886, 0
2887, 0
2888, 0
2889, 0
2890, 0
2891, 0
2892, 0
2893, 0
2894, 0
2895, 0
2896, 0
2897, 0
2898, 0
2899, 0
2900, 0
2901, 0
2902, 0
2903, 0
2904, 0
2905, 0
2906, 0
2907, 0
2908, 0
2909, 0
2910, 0
2911, 0
2912, 0
2913, 0
2914, 0
2915, 0
2916, 0
2917, 0
2918, 0
2919, 0
2920, 0
2921, 0
2922, 0
2923, 0
2924, 0
2925, 0
2926, 0
2927, 0
2928, 0
2929, 0
2930, 0
2931, 0
2932, 0
2933, 0
2934, 0
2935, 0
2936, 0
2937, 0
2938, 0
2939, 0
2940, 0
2941, 0
2942, 0
2943, 0
2944, 0
2945, 0
2946, 0
2947, 0
2948, 0
2949, 0
2950, 0
2951, 0
2952, 0
2953, 0
2954, 0
2955, 0
2956, 0
2957, 0
2958, 0
2959, 0
2960, 0
2961, 0
2962, 0
2963, 0
2964, 0
2965, 0
2966, 0
2967, 0
2968, 0
2969, 0
2970, 0
2971, 0
2972, 0
2973, 0
2974, 0
2975, 0
2976, 0
2977, 0
2978, 0
2979, 0
2980, 0
2981, 0
2982, 0
2983, 0
2984, 0
2985, 0
2986, 0
2987, 0
2988, 0
2989, 0
2990, 0
2991, 0
2992, 0
2993, 0
2994, 0
2995, 0
2996, 0
2997, 0
2998, 0
2999, 0
