0, 95.6568138761879
1, 95.6568138761879
2, 95.6568138761879
3, 95.1249593400747
4, 95.1249593400747
5, 95.1249593400747
6, 95.1249593400747
7, 95.1249593400747
8, 95.1249593400747
9, 95.1249593400747
10, 95.1249593400747
11, 91.1002512734074
12, 91.1002512734074
13, 75.8021446498245
14, 75.8021446498245
15, 75.8021446498245
16, 75.8021446498245
17, 75.8021446498245
18, 75.509763385722
19, 58.1081976541284
20, 58.1081976541284
21, 58.1081976541284
22, 58.1081976541284
23, 58.1081976541284
24, 58.1081976541284
25, 58.1081976541284
26, 58.1081976541284
27, 58.1081976541284
28, 39.659747291826
29, 39.659747291826
30, 39.659747291826
31, 39.659747291826
32, 39.659747291826
33, 39.659747291826
34, 39.659747291826
35, 39.659747291826
36, 39.659747291826
37, 39.659747291826
38, 39.6437782089275
39, 39.6433147750207
40, 39.6433147750207
41, 39.6433147750207
42, 39.6433147750207
43, 39.6433147750207
44, 39.6433147750207
45, 39.6433147750207
46, 39.6433147750207
47, 39.6433147750207
48, 39.6433147750207
49, 39.6433147750207
50, 39.6433147750207
51, 39.6433147750207
52, 39.6433147750207
53, 39.6433147750207
54, 39.6433147750207
55, 39.6433147750207
56, 39.6433147750207
57, 39.6433147750207
58, 39.6433147750207
59, 39.6433147750207
60, 34.2279594196626
61, 34.2279594196626
62, 34.2279594196626
63, 34.2279594196626
64, 34.2279594196626
65, 34.2279594196626
66, 34.2279594196626
67, 34.2279594196626
68, 34.2279594196626
69, 34.2279594196626
70, 34.2279594196626
71, 34.2279594196626
72, 34.2279594196626
73, 34.2279594196626
74, 34.2279594196626
75, 34.2279594196626
76, 34.2279594196626
77, 34.2279594196626
78, 34.2279594196626
79, 34.2279594196626
80, 34.2279594196626
81, 34.2279594196626
82, 34.2279594196626
83, 34.2279594196626
84, 34.2279594196626
85, 34.2279594196626
86, 34.2279594196626
87, 34.2279594196626
88, 28.1487859029012
89, 28.1487859029012
90, 28.1487859029012
91, 28.1487859029012
92, 28.1487859029012
93, 28.1487859029012
94, 28.1487859029012
95, 28.1487859029012
96, 28.1487859029012
97, 25.5485324201238
98, 25.5485324201238
99, 25.5485324201238
100, 25.5485324201238
101, 25.5485324201238
102, 25.5485324201238
103, 25.5485324201238
104, 25.5485324201238
105, 25.5485324201238
106, 25.5485324201238
107, 25.5485324201238
108, 25.5485324201238
109, 25.5485324201238
110, 25.5485324201238
111, 24.3547516082977
112, 24.3547516082977
113, 24.3547516082977
114, 24.3547516082977
115, 24.3547516082977
116, 24.3547516082977
117, 24.3547516082977
118, 24.3547516082977
119, 24.3547516082977
120, 24.3547516082977
121, 24.3547516082977
122, 24.3547516082977
123, 24.3547516082977
124, 24.3547516082977
125, 24.3547516082977
126, 24.3547516082977
127, 21.4555598816928
128, 21.4555598816928
129, 21.4555598816928
130, 21.4555598816928
131, 21.4555598816928
132, 21.4555598816928
133, 21.4555598816928
134, 21.4555598816928
135, 21.4555598816928
136, 21.4555598816928
137, 21.4555598816928
138, 21.4555598816928
139, 21.4555598816928
140, 21.4555598816928
141, 21.4555598816928
142, 21.4555598816928
143, 21.4555598816928
144, 21.4555598816928
145, 21.4555598816928
146, 21.4555598816928
147, 21.4555598816928
148, 21.4555598816928
149, 21.4555598816928
150, 21.4555598816928
151, 21.4555598816928
152, 21.4555598816928
153, 21.4555598816928
154, 21.4555598816928
155, 21.4555598816928
156, 21.4555598816928
157, 21.4555598816928
158, 21.4555598816928
159, 21.4555598816928
160, 21.4555598816928
161, 21.4555598816928
162, 21.4555598816928
163, 21.4555598816928
164, 21.4555598816928
165, 21.4555598816928
166, 20.9267906462488
167, 20.9267906462488
168, 20.9267906462488
169, 20.9267906462488
170, 20.9267906462488
171, 20.9267906462488
172, 20.9267906462488
173, 20.9267906462488
174, 20.9267906462488
175, 20.9267906462488
176, 20.9267906462488
177, 20.9267906462488
178, 20.9267906462488
179, 20.9267906462488
180, 20.9267906462488
181, 20.9267906462488
182, 20.9267906462488
183, 20.9267906462488
184, 20.9267906462488
185, 18.6986015006151
186, 18.6986015006151
187, 18.6986015006151
188, 18.6986015006151
189, 16.986952296311
190, 15.59850413377
191, 15.59850413377
192, 15.59850413377
193, 15.59850413377
194, 13.9041862351661
195, 13.9041862351661
196, 13.9041862351661
197, 13.9041862351661
198, 13.9041862351661
199, 13.9041862351661
200, 13.9041862351661
201, 13.9041862351661
202, 13.9041862351661
203, 13.9041862351661
204, 13.9041862351661
205, 13.9041862351661
206, 13.9041862351661
207, 13.9041862351661
208, 13.9041862351661
209, 13.9041862351661
210, 13.8965110273343
211, 13.8965110273343
212, 13.8965110273343
213, 13.8965110273343
214, 13.8965110273343
215, 13.8965110273343
216, 13.8965110273343
217, 13.8965110273343
218, 13.8965110273343
219, 12.8579434451922
220, 12.8579434451922
221, 12.8579434451922
222, 12.8579434451922
223, 12.8579434451922
224, 12.8579434451922
225, 12.8579434451922
226, 12.8579434451922
227, 12.8579434451922
228, 12.8579434451922
229, 12.8579434451922
230, 12.8579434451922
231, 12.8579434451922
232, 12.8579434451922
233, 12.8579434451922
234, 12.8579434451922
235, 12.8579434451922
236, 12.8579434451922
237, 12.8579434451922
238, 12.8579434451922
239, 12.8579434451922
240, 12.8579434451922
241, 12.8579434451922
242, 10.9358829707022
243, 10.9358829707022
244, 10.9358829707022
245, 9.20990897343011
246, 9.20990897343011
247, 9.20990897343011
248, 9.20990897343011
249, 9.20990897343011
250, 9.20990897343011
251, 9.20990897343011
252, 9.20990897343011
253, 9.20990897343011
254, 9.20990897343011
255, 9.20990897343011
256, 9.20990897343011
257, 9.20990897343011
258, 9.20990897343011
259, 9.20990897343011
260, 9.20990897343011
261, 9.20990897343011
262, 9.20990897343011
263, 9.20990897343011
264, 9.20990897343011
265, 9.20990897343011
266, 9.20990897343011
267, 9.20990897343011
268, 9.20990897343011
269, 9.20990897343011
270, 7.74186762997321
271, 7.74186762997321
272, 7.41179168083792
273, 7.41179168083792
274, 7.41179168083792
275, 7.41179168083792
276, 7.41179168083792
277, 7.41179168083792
278, 7.41179168083792
279, 7.41179168083792
280, 7.41179168083792
281, 7.41179168083792
282, 7.41179168083792
283, 7.41179168083792
284, 7.41179168083792
285, 7.41179168083792
286, 7.41179168083792
287, 7.41179168083792
288, 7.41179168083792
289, 6.89662945763155
290, 6.89662945763155
291, 6.89662945763155
292, 5.40354002789974
293, 5.40354002789974
294, 5.40354002789974
295, 5.40354002789974
296, 5.40354002789974
297, 5.0240998431581
298, 4.92335662818943
299, 4.92335662818943
300, 4.92335662818943
301, 4.92335662818943
302, 4.92335662818943
303, 4.92335662818943
304, 4.92335662818943
305, 4.92335662818943
306, 4.92335662818943
307, 4.92335662818943
308, 4.92335662818943
309, 4.92335662818943
310, 4.92335662818943
311, 4.62770036843169
312, 4.62770036843169
313, 4.62770036843169
314, 4.62770036843169
315, 4.62770036843169
316, 4.62770036843169
317, 4.62770036843169
318, 4.62770036843169
319, 4.31405044940968
320, 4.30887550501004
321, 4.30887550501004
322, 4.30887550501004
323, 4.30887550501004
324, 4.30887550501004
325, 4.30887550501004
326, 4.30887550501004
327, 4.30887550501004
328, 4.30887550501004
329, 4.30887550501004
330, 4.30887550501004
331, 4.30887550501004
332, 4.30887550501004
333, 4.30887550501004
334, 4.30887550501004
335, 4.30887550501004
336, 4.25321038351232
337, 4.05241235192494
338, 4.05241235192494
339, 4.05241235192494
340, 4.05241235192494
341, 4.05241235192494
342, 4.05241235192494
343, 3.92766576628599
344, 3.66376093618065
345, 3.66376093618065
346, 3.66376093618065
347, 3.66376093618065
348, 3.66376093618065
349, 3.52392135838171
350, 3.52392135838171
351, 2.72708992252837
352, 2.72708992252837
353, 2.72708992252837
354, 2.72708992252837
355, 2.72708992252837
356, 2.72708992252837
357, 2.35777218151143
358, 2.28389130330761
359, 2.28389130330761
360, 2.28389130330761
361, 2.28389130330761
362, 2.28389130330761
363, 2.28389130330761
364, 2.28389130330761
365, 2.28389130330761
366, 2.28389130330761
367, 2.28039718566212
368, 2.27904622357161
369, 2.27904622357161
370, 2.27904622357161
371, 2.25767248965523
372, 2.25767248965523
373, 2.25767248965523
374, 2.25767248965523
375, 2.25767248965523
376, 2.25767248965523
377, 2.23490269856032
378, 2.23490269856032
379, 2.19757347437198
380, 2.13781352289085
381, 2.13781352289085
382, 2.12554462515277
383, 2.12554462515277
384, 2.12554462515277
385, 2.12554462515277
386, 2.12554462515277
387, 2.12554462515277
388, 2.12554462515277
389, 2.12554462515277
390, 2.12554462515277
391, 2.12554462515277
392, 2.12554462515277
393, 2.12554462515277
394, 2.11592667442312
395, 2.11592667442312
396, 2.10744341363598
397, 2.10744341363598
398, 2.10744341363598
399, 2.10744341363598
400, 2.10636765393828
401, 2.0818719920026
402, 2.0818719920026
403, 2.0818719920026
404, 2.0818719920026
405, 2.0818719920026
406, 2.0818719920026
407, 2.08104500923579
408, 2.08104500923579
409, 2.08104500923579
410, 2.08104500923579
411, 2.08104500923579
412, 2.08104500923579
413, 2.08104500923579
414, 2.08104500923579
415, 2.07924566764377
416, 2.07924566764377
417, 2.07924566764377
418, 2.06881252700647
419, 2.06881252700647
420, 2.06881252700647
421, 2.06608717841375
422, 2.06608717841375
423, 2.0309611101344
424, 2.0309611101344
425, 2.0309611101344
426, 2.0309611101344
427, 2.02314740634907
428, 2.02314740634907
429, 2.02314740634907
430, 2.02314740634907
431, 2.02314740634907
432, 2.02314740634907
433, 2.02314740634907
434, 2.01912673414981
435, 2.01912673414981
436, 2.01762386538961
437, 2.01762386538961
438, 2.01348453416895
439, 2.01348453416895
440, 2.01348453416895
441, 2.01348453416895
442, 2.01348453416895
443, 2.01170771185914
444, 2.01170771185914
445, 2.01170771185914
446, 2.01170771185914
447, 2.01018319260534
448, 2.01018319260534
449, 2.01018319260534
450, 2.01018319260534
451, 1.99799427073886
452, 1.99799427073886
453, 1.99799427073886
454, 1.99799427073886
455, 1.99799427073886
456, 1.99799427073886
457, 1.99575443434557
458, 1.99549145471587
459, 1.99549145471587
460, 1.99549145471587
461, 1.99549145471587
462, 1.99549145471587
463, 1.99549145471587
464, 1.99549145471587
465, 1.99549145471587
466, 1.99549145471587
467, 1.99549145471587
468, 1.99549145471587
469, 1.99549145471587
470, 1.99549145471587
471, 1.99549145471587
472, 1.99549145471587
473, 1.99549145471587
474, 1.99549145471587
475, 1.99549145471587
476, 1.99549145471587
477, 1.99549145471587
478, 1.99549145471587
479, 1.90631913241746
480, 1.90625922596578
481, 1.90625922596578
482, 1.90625922596578
483, 1.90625922596578
484, 1.90625922596578
485, 1.90625922596578
486, 1.90625922596578
487, 1.90625922596578
488, 1.90625922596578
489, 1.90625922596578
490, 1.90625922596578
491, 1.90625922596578
492, 1.90625922596578
493, 1.90625922596578
494, 1.90625922596578
495, 1.90625922596578
496, 1.90625922596578
497, 1.90625922596578
498, 1.89851383295471
499, 1.89851383295471
500, 1.89851383295471
501, 1.89851383295471
502, 1.89851383295471
503, 1.89851383295471
504, 1.89851383295471
505, 1.89851383295471
506, 1.89851383295471
507, 1.89851383295471
508, 1.89851383295471
509, 1.89851383295471
510, 1.89851383295471
511, 1.89851383295471
512, 1.89851383295471
513, 1.89851383295471
514, 1.89851383295471
515, 1.89851383295471
516, 1.67359749231668
517, 1.67359749231668
518, 1.67359749231668
519, 1.67359749231668
520, 1.67359749231668
521, 1.67357288324196
522, 1.67357288324196
523, 1.67357288324196
524, 1.67357288324196
525, 1.67357288324196
526, 1.67357288324196
527, 1.67357288324196
528, 1.67357288324196
529, 1.67357288324196
530, 1.67357288324196
531, 1.67357288324196
532, 1.67303110600185
533, 1.67296250397708
534, 1.67296250397708
535, 1.67296250397708
536, 1.67296250397708
537, 1.67296250397708
538, 1.67296250397708
539, 1.67296250397708
540, 1.67296250397708
541, 1.67296250397708
542, 1.67226102113218
543, 1.67226102113218
544, 1.67226102113218
545, 1.67226102113218
546, 1.67226102113218
547, 1.67226102113218
548, 1.67226102113218
549, 1.67226102113218
550, 1.66709345903299
551, 1.65967838363396
552, 1.65967838363396
553, 1.65967838363396
554, 1.65967838363396
555, 1.65967838363396
556, 1.65967838363396
557, 1.65967838363396
558, 1.65584808764784
559, 1.65584808764784
560, 1.64829900578771
561, 1.64363530404735
562, 1.64363530404735
563, 1.64195944136412
564, 1.64195944136412
565, 1.641805573931
566, 1.641805573931
567, 1.63872989591475
568, 1.63872989591475
569, 1.63660143086977
570, 1.63133067818859
571, 1.63133067818859
572, 1.63133067818859
573, 1.6157508614671
574, 1.61517787930196
575, 1.61503088118643
576, 1.61503088118643
577, 1.60859398209736
578, 1.60859398209736
579, 1.59956983168574
580, 1.59635925971339
581, 1.59635925971339
582, 1.59635925971339
583, 1.59635925971339
584, 1.59635925971339
585, 1.59558514189716
586, 1.59481970625154
587, 1.56481451376484
588, 1.52616663780318
589, 1.50875905647598
590, 1.50875905647598
591, 1.50875905647598
592, 1.50875905647598
593, 1.49741230592606
594, 1.49741230592606
595, 1.49741230592606
596, 1.49741230592606
597, 1.48972012944978
598, 1.4896776118265
599, 1.4896776118265
600, 1.4896776118265
601, 1.4896776118265
602, 1.4896776118265
603, 1.4896776118265
604, 1.4896776118265
605, 1.4896776118265
606, 1.4896776118265
607, 1.48746225972756
608, 1.48494564143939
609, 1.48494564143939
610, 1.48494564143939
611, 1.45993851552703
612, 1.45912268012554
613, 1.45128514180522
614, 1.45005088873117
615, 1.36101398390412
616, 1.25974995495464
617, 1.22696181295338
618, 1.22332015794796
619, 1.21677215651554
620, 1.21677215651554
621, 1.21677215651554
622, 1.21677215651554
623, 1.21677215651554
624, 1.21677215651554
625, 1.21677215651554
626, 1.21677215651554
627, 1.21677215651554
628, 1.21677215651554
629, 1.21677215651554
630, 1.21677215651554
631, 1.21677215651554
632, 1.21677215651554
633, 1.21677215651554
634, 1.20674196050222
635, 1.20216504738293
636, 1.20216504738293
637, 1.20216504738293
638, 1.18743294812653
639, 1.18546233410514
640, 1.15099763107751
641, 1.14861767016793
642, 1.14861767016793
643, 1.14861767016793
644, 1.14737626016131
645, 1.14737626016131
646, 1.14737626016131
647, 1.14383227937085
648, 1.13815673017947
649, 1.13815673017947
650, 1.13815673017947
651, 1.13815673017947
652, 1.13799836931595
653, 1.13799836931595
654, 1.07875156293023
655, 1.06055698052324
656, 1.06055698052324
657, 1.05057492496572
658, 1.05057492496572
659, 1.05057492496572
660, 1.05057492496572
661, 1.05057492496572
662, 1.05034281076659
663, 1.02110985583234
664, 1.02110985583234
665, 1.02110985583234
666, 1.02110985583234
667, 1.02110985583234
668, 1.02110985583234
669, 1.01324413678617
670, 1.01324413678617
671, 1.01324413678617
672, 1.01324413678617
673, 1.00114016491998
674, 1.00114016491998
675, 1.00114016491998
676, 1.00114016491998
677, 1.00114016491998
678, 1.00114016491998
679, 1.00114016491998
680, 1.00053869792292
681, 0.996726886656671
682, 0.996726886656671
683, 0.996726886656671
684, 0.996726886656671
685, 0.996726886656671
686, 0.996726886656671
687, 0.996726886656671
688, 0.996104174767874
689, 0.996104174767874
690, 0.996104174767874
691, 0.996104174767874
692, 0.995986901589525
693, 0.995986901589525
694, 0.995986901589525
695, 0.995986901589525
696, 0.995986901589525
697, 0.995986901589525
698, 0.995731849721734
699, 0.995731849721734
700, 0.995731849721734
701, 0.995731849721734
702, 0.995731849721734
703, 0.995712643425032
704, 0.995712643425032
705, 0.995712643425032
706, 0.995583475054318
707, 0.995529020516022
708, 0.995294437719982
709, 0.995294437719982
710, 0.995281269320792
711, 0.995195569821385
712, 0.995195569821385
713, 0.995195569821385
714, 0.995195569821385
715, 0.995146914180715
716, 0.995146914180715
717, 0.995146914180715
718, 0.995094121255832
719, 0.995091866873816
720, 0.995091866873816
721, 0.995091866873816
722, 0.995091866873816
723, 0.995091866873816
724, 0.995015054762099
725, 0.995015054762099
726, 0.995015054762099
727, 0.995015054762099
728, 0.995015054762099
729, 0.995015054762099
730, 0.995015054762099
731, 0.995015054762099
732, 0.995015054762099
733, 0.995000570741219
734, 0.995000570741219
735, 0.994995857247233
736, 0.994995857247233
737, 0.994995857247233
738, 0.994995818210677
739, 0.994993732280632
740, 0.994987007218262
741, 0.99498543559765
742, 0.99498543559765
743, 0.99498543559765
744, 0.99498543559765
745, 0.994983836671162
746, 0.994983789408439
747, 0.994982532060149
748, 0.994973056402285
749, 0.994973056402285
750, 0.994973056402285
751, 0.994973056402285
752, 0.994973056402285
753, 0.994973056402285
754, 0.994973056402285
755, 0.994972841172711
756, 0.994972787593866
757, 0.994972787593866
758, 0.994972787593866
759, 0.994971983284545
760, 0.994970910116503
761, 0.994970910116503
762, 0.994970910116503
763, 0.994964904186824
764, 0.994964904186824
765, 0.994964904186824
766, 0.994964904186824
767, 0.994964904186824
768, 0.994964904186824
769, 0.994962744889515
770, 0.994962015676641
771, 0.994962015676641
772, 0.994962015676641
773, 0.994962015676641
774, 0.994962015676641
775, 0.994962015676641
776, 0.994962015676641
777, 0.994962015676641
778, 0.994962015676641
779, 0.994962015676641
780, 0.994962015676641
781, 0.994962015676641
782, 0.994962015676641
783, 0.994960896038878
784, 0.994960896038878
785, 0.994960896038878
786, 0.994960896038878
787, 0.994960896038878
788, 0.994960484715591
789, 0.994960484715591
790, 0.994960484715591
791, 0.994960484715591
792, 0.994960484715591
793, 0.994960484715591
794, 0.994960122406996
795, 0.994959618020921
796, 0.994959567954737
797, 0.994959567954737
798, 0.994959567954737
799, 0.994959567954737
800, 0.994959567954737
801, 0.994959567954737
802, 0.994959567954737
803, 0.994959567954737
804, 0.994959567954737
805, 0.994959532771352
806, 0.994959389683522
807, 0.994959389683522
808, 0.994959389683522
809, 0.994959389683522
810, 0.994959389683522
811, 0.994959389683522
812, 0.994959389683522
813, 0.994959389683522
814, 0.994959389683522
815, 0.994959389683522
816, 0.994959389683522
817, 0.994959319352951
818, 0.994959319352951
819, 0.994959319352951
820, 0.994959319352951
821, 0.994959117240299
822, 0.994959117240299
823, 0.994959117240299
824, 0.994959117240299
825, 0.994959117240299
826, 0.994959117240299
827, 0.994959117240299
828, 0.994959117240299
829, 0.994959117240299
830, 0.994959117240299
831, 0.994959117240299
832, 0.994959117240299
833, 0.994959117240299
834, 0.994959117240299
835, 0.994959117240299
836, 0.994959117240299
837, 0.994959117240299
838, 0.994959117240299
839, 0.994959117240299
840, 0.994959117240299
841, 0.994959117240299
842, 0.994959117240299
843, 0.994959117240299
844, 0.994959117240299
845, 0.994959117240299
846, 0.994959117240299
847, 0.994959117240299
848, 0.994959117240299
849, 0.994959117240299
850, 0.994959117240299
851, 0.994959117240299
852, 0.994959117240299
853, 0.994959117240299
854, 0.994959117240299
855, 0.994959117240299
856, 0.994959117240299
857, 0.994959117240299
858, 0.994959117240299
859, 0.994959117240299
860, 0.994959117240299
861, 0.994959117240299
862, 0.994959117240299
863, 0.994959117240299
864, 0.994959117240299
865, 0.994959117240299
866, 0.994959117240299
867, 0.994959117240299
868, 0.994959117240299
869, 0.994959090481027
870, 0.994959090481027
871, 0.994959090481027
872, 0.994959090481027
873, 0.994959090481027
874, 0.994959090481027
875, 0.994959089350825
876, 0.994959089350825
877, 0.994959088100476
878, 0.994959088100476
879, 0.994959088100476
880, 0.994959088100476
881, 0.994959083520424
882, 0.994959083520424
883, 0.994959083520424
884, 0.994959083520424
885, 0.994959083520424
886, 0.994959083520424
887, 0.994959083520424
888, 0.994959083520424
889, 0.994959083520424
890, 0.994959083520424
891, 0.994959083494813
892, 0.994959083494813
893, 0.994959081320037
894, 0.994959081320037
895, 0.99495908036868
896, 0.99495908036868
897, 0.994959079727106
898, 0.994959079727106
899, 0.994959079727106
900, 0.994959079727106
901, 0.994959078452103
902, 0.994959073923059
903, 0.994959073923059
904, 0.994959073923059
905, 0.994959062071628
906, 0.994959062071628
907, 0.994959062071628
908, 0.994959062071628
909, 0.994959062071628
910, 0.994959062071628
911, 0.994959062071628
912, 0.994959062071628
913, 0.994959059517395
914, 0.994959059517395
915, 0.994959059460992
916, 0.994959059451688
917, 0.994959059451688
918, 0.994959059451688
919, 0.994959059371986
920, 0.994959059371986
921, 0.994959059214009
922, 0.994959059214009
923, 0.994959059214009
924, 0.994959059214009
925, 0.994959059214009
926, 0.994959059006328
927, 0.994959059006328
928, 0.994959059006328
929, 0.994959059006328
930, 0.994959059006328
931, 0.994959059006328
932, 0.994959058880289
933, 0.994959058880289
934, 0.994959058880289
935, 0.994959058424081
936, 0.994959058424081
937, 0.994959058424081
938, 0.994959058424081
939, 0.994959058424081
940, 0.994959058424081
941, 0.994959058424081
942, 0.994959058424081
943, 0.994959058424081
944, 0.994959058424081
945, 0.994959057915699
946, 0.994959057915699
947, 0.994959057709499
948, 0.994959057709499
949, 0.994959057709499
950, 0.994959057709499
951, 0.994959057709499
952, 0.994959057709499
953, 0.994959057702731
954, 0.994959057702731
955, 0.994959057702731
956, 0.994959057702731
957, 0.994959057591979
958, 0.994959057394089
959, 0.994959057394089
960, 0.994959057334926
961, 0.994959057334926
962, 0.994959057334926
963, 0.994959057334926
964, 0.994959057334926
965, 0.994959057267774
966, 0.994959057267774
967, 0.994959057262514
968, 0.994959057262514
969, 0.994959057261882
970, 0.994959057261882
971, 0.994959057241637
972, 0.994959057234036
973, 0.994959057234036
974, 0.994959057234036
975, 0.994959057234036
976, 0.994959057170183
977, 0.994959057170183
978, 0.994959057170183
979, 0.994959057170183
980, 0.994959057170183
981, 0.994959057154416
982, 0.994959057154416
983, 0.994959057154416
984, 0.994959057154416
985, 0.994959057154416
986, 0.994959057141541
987, 0.994959057141541
988, 0.994959057141541
989, 0.994959057141541
990, 0.994959057141541
991, 0.994959057141541
992, 0.994959057141541
993, 0.994959057141541
994, 0.994959057141541
995, 0.994959057139285
996, 0.994959057138713
997, 0.994959057138713
998, 0.994959057129195
999, 0.994959057127202
1000, 0.994959057127202
1001, 0.994959057127202
1002, 0.994959057127202
1003, 0.994959057116594
1004, 0.994959057116594
1005, 0.994959057116594
1006, 0.99495905711051
1007, 0.994959057104108
1008, 0.994959057104108
1009, 0.994959057104108
1010, 0.994959057104108
1011, 0.994959057104108
1012, 0.994959057104108
1013, 0.994959057101466
1014, 0.994959057101466
1015, 0.994959057101466
1016, 0.994959057101466
1017, 0.994959057099388
1018, 0.994959057098685
1019, 0.994959057098685
1020, 0.994959057098685
1021, 0.994959057098685
1022, 0.994959057098685
1023, 0.994959057097628
1024, 0.994959057097628
1025, 0.994959057097628
1026, 0.994959057097628
1027, 0.994959057097628
1028, 0.994959057097505
1029, 0.994959057097505
1030, 0.994959057097505
1031, 0.994959057097294
1032, 0.994959057095841
1033, 0.994959057095841
1034, 0.994959057095841
1035, 0.994959057095841
1036, 0.994959057095841
1037, 0.994959057095841
1038, 0.994959057095841
1039, 0.994959057095841
1040, 0.994959057095841
1041, 0.994959057095318
1042, 0.994959057095278
1043, 0.994959057095278
1044, 0.994959057095278
1045, 0.994959057095278
1046, 0.994959057095278
1047, 0.994959057095278
1048, 0.994959057095278
1049, 0.994959057095278
1050, 0.994959057095278
1051, 0.994959057094913
1052, 0.994959057094913
1053, 0.994959057094913
1054, 0.994959057094913
1055, 0.994959057094288
1056, 0.994959057094205
1057, 0.99495905709418
1058, 0.994959057094011
1059, 0.994959057093991
1060, 0.994959057093938
1061, 0.994959057093812
1062, 0.99495905709373
1063, 0.994959057093702
1064, 0.994959057093588
1065, 0.994959057093588
1066, 0.994959057093588
1067, 0.994959057093588
1068, 0.994959057093588
1069, 0.994959057093574
1070, 0.994959057093526
1071, 0.994959057093512
1072, 0.994959057093512
1073, 0.994959057093512
1074, 0.994959057093428
1075, 0.994959057093428
1076, 0.994959057093414
1077, 0.99495905709338
1078, 0.99495905709338
1079, 0.99495905709338
1080, 0.99495905709338
1081, 0.994959057093372
1082, 0.994959057093372
1083, 0.994959057093372
1084, 0.994959057093372
1085, 0.994959057093372
1086, 0.994959057093361
1087, 0.994959057093361
1088, 0.994959057093361
1089, 0.994959057093361
1090, 0.994959057093361
1091, 0.994959057093361
1092, 0.994959057093361
1093, 0.994959057093361
1094, 0.994959057093361
1095, 0.994959057093341
1096, 0.994959057093341
1097, 0.994959057093341
1098, 0.994959057093341
1099, 0.994959057093341
1100, 0.994959057093341
1101, 0.994959057093341
1102, 0.994959057093341
1103, 0.994959057093341
1104, 0.994959057093341
1105, 0.994959057093341
1106, 0.994959057093341
1107, 0.994959057093341
1108, 0.99495905709334
1109, 0.994959057093331
1110, 0.994959057093331
1111, 0.994959057093331
1112, 0.994959057093331
1113, 0.994959057093331
1114, 0.994959057093331
1115, 0.994959057093331
1116, 0.994959057093331
1117, 0.994959057093327
1118, 0.994959057093318
1119, 0.994959057093318
1120, 0.994959057093318
1121, 0.994959057093315
1122, 0.994959057093315
1123, 0.994959057093315
1124, 0.994959057093315
1125, 0.994959057093315
1126, 0.994959057093315
1127, 0.994959057093315
1128, 0.994959057093309
1129, 0.994959057093308
1130, 0.994959057093308
1131, 0.994959057093308
1132, 0.994959057093308
1133, 0.9949590570933
1134, 0.9949590570933
1135, 0.9949590570933
1136, 0.9949590570933
1137, 0.9949590570933
1138, 0.994959057093297
1139, 0.994959057093295
1140, 0.994959057093295
1141, 0.994959057093295
1142, 0.994959057093295
1143, 0.994959057093295
1144, 0.994959057093295
1145, 0.994959057093295
1146, 0.994959057093292
1147, 0.994959057093292
1148, 0.994959057093292
1149, 0.994959057093292
1150, 0.994959057093292
1151, 0.994959057093292
1152, 0.994959057093292
1153, 0.994959057093292
1154, 0.994959057093292
1155, 0.994959057093292
1156, 0.994959057093292
1157, 0.994959057093292
1158, 0.994959057093292
1159, 0.994959057093292
1160, 0.994959057093292
1161, 0.994959057093292
1162, 0.994959057093292
1163, 0.994959057093292
1164, 0.994959057093292
1165, 0.994959057093292
1166, 0.994959057093292
1167, 0.994959057093292
1168, 0.994959057093292
1169, 0.994959057093292
1170, 0.994959057093292
1171, 0.994959057093292
1172, 0.994959057093292
1173, 0.994959057093292
1174, 0.994959057093292
1175, 0.994959057093292
1176, 0.994959057093292
1177, 0.994959057093292
1178, 0.994959057093292
1179, 0.994959057093292
1180, 0.994959057093292
1181, 0.994959057093292
1182, 0.994959057093292
1183, 0.994959057093292
1184, 0.994959057093292
1185, 0.994959057093292
1186, 0.994959057093292
1187, 0.99495905709329
1188, 0.99495905709329
1189, 0.99495905709329
1190, 0.99495905709329
1191, 0.99495905709329
1192, 0.99495905709329
1193, 0.99495905709329
1194, 0.99495905709329
1195, 0.99495905709329
1196, 0.99495905709329
1197, 0.99495905709329
1198, 0.99495905709329
1199, 0.99495905709329
1200, 0.99495905709329
1201, 0.99495905709329
1202, 0.99495905709329
1203, 0.99495905709329
1204, 0.99495905709329
1205, 0.99495905709329
1206, 0.99495905709329
1207, 0.99495905709329
1208, 0.99495905709329
1209, 0.99495905709329
1210, 0.99495905709329
1211, 0.99495905709329
1212, 0.99495905709329
1213, 0.99495905709329
1214, 0.99495905709329
1215, 0.99495905709329
1216, 0.99495905709329
1217, 0.99495905709329
1218, 0.99495905709329
1219, 0.99495905709329
1220, 0.99495905709329
1221, 0.99495905709329
1222, 0.99495905709329
1223, 0.99495905709329
1224, 0.99495905709329
1225, 0.99495905709329
1226, 0.99495905709329
1227, 0.99495905709329
1228, 0.99495905709329
1229, 0.99495905709329
1230, 0.99495905709329
1231, 0.99495905709329
1232, 0.99495905709329
1233, 0.99495905709329
1234, 0.99495905709329
1235, 0.99495905709329
1236, 0.99495905709329
1237, 0.99495905709329
1238, 0.99495905709329
1239, 0.99495905709329
1240, 0.99495905709329
1241, 0.99495905709329
1242, 0.99495905709329
1243, 0.99495905709329
1244, 0.99495905709329
1245, 0.99495905709329
1246, 0.99495905709329
1247, 0.99495905709329
1248, 0.99495905709329
1249, 0.99495905709329
1250, 0.99495905709329
1251, 0.99495905709329
1252, 0.99495905709329
1253, 0.99495905709329
1254, 0.99495905709329
1255, 0.99495905709329
1256, 0.99495905709329
1257, 0.99495905709329
1258, 0.99495905709329
1259, 0.99495905709329
1260, 0.99495905709329
1261, 0.99495905709329
1262, 0.99495905709329
1263, 0.99495905709329
1264, 0.99495905709329
1265, 0.99495905709329
1266, 0.99495905709329
1267, 0.99495905709329
1268, 0.99495905709329
1269, 0.99495905709329
1270, 0.99495905709329
1271, 0.99495905709329
1272, 0.99495905709329
1273, 0.99495905709329
1274, 0.99495905709329
1275, 0.99495905709329
1276, 0.99495905709329
1277, 0.99495905709329
1278, 0.99495905709329
1279, 0.99495905709329
1280, 0.99495905709329
1281, 0.99495905709329
1282, 0.99495905709329
1283, 0.99495905709329
1284, 0.99495905709329
1285, 0.99495905709329
1286, 0.99495905709329
1287, 0.99495905709329
1288, 0.99495905709329
1289, 0.99495905709329
1290, 0.99495905709329
1291, 0.99495905709329
1292, 0.99495905709329
1293, 0.99495905709329
1294, 0.99495905709329
1295, 0.99495905709329
1296, 0.99495905709329
1297, 0.99495905709329
1298, 0.99495905709329
1299, 0.99495905709329
1300, 0.99495905709329
1301, 0.99495905709329
1302, 0.99495905709329
1303, 0.99495905709329
1304, 0.99495905709329
1305, 0.99495905709329
1306, 0.99495905709329
1307, 0.99495905709329
1308, 0.99495905709329
1309, 0.99495905709329
1310, 0.99495905709329
1311, 0.99495905709329
1312, 0.99495905709329
1313, 0.99495905709329
1314, 0.99495905709329
1315, 0.99495905709329
1316, 0.99495905709329
1317, 0.99495905709329
1318, 0.99495905709329
1319, 0.99495905709329
1320, 0.99495905709329
1321, 0.99495905709329
1322, 0.99495905709329
1323, 0.99495905709329
1324, 0.99495905709329
1325, 0.99495905709329
1326, 0.99495905709329
1327, 0.99495905709329
1328, 0.99495905709329
1329, 0.99495905709329
1330, 0.99495905709329
1331, 0.99495905709329
1332, 0.99495905709329
1333, 0.99495905709329
1334, 0.99495905709329
1335, 0.99495905709329
1336, 0.99495905709329
1337, 0.99495905709329
1338, 0.99495905709329
1339, 0.99495905709329
1340, 0.99495905709329
1341, 0.99495905709329
1342, 0.99495905709329
1343, 0.99495905709329
1344, 0.99495905709329
1345, 0.99495905709329
1346, 0.99495905709329
1347, 0.99495905709329
1348, 0.99495905709329
1349, 0.99495905709329
1350, 0.99495905709329
1351, 0.99495905709329
1352, 0.99495905709329
1353, 0.99495905709329
1354, 0.99495905709329
1355, 0.99495905709329
1356, 0.99495905709329
1357, 0.99495905709329
1358, 0.99495905709329
1359, 0.99495905709329
1360, 0.99495905709329
1361, 0.99495905709329
1362, 0.99495905709329
1363, 0.99495905709329
1364, 0.99495905709329
1365, 0.99495905709329
1366, 0.99495905709329
1367, 0.99495905709329
1368, 0.99495905709329
1369, 0.99495905709329
1370, 0.99495905709329
1371, 0.99495905709329
1372, 0.99495905709329
1373, 0.99495905709329
1374, 0.99495905709329
1375, 0.99495905709329
1376, 0.99495905709329
1377, 0.99495905709329
1378, 0.99495905709329
1379, 0.99495905709329
1380, 0.99495905709329
1381, 0.99495905709329
1382, 0.99495905709329
1383, 0.99495905709329
1384, 0.99495905709329
1385, 0.99495905709329
1386, 0.99495905709329
1387, 0.99495905709329
1388, 0.99495905709329
1389, 0.99495905709329
1390, 0.99495905709329
1391, 0.99495905709329
1392, 0.99495905709329
1393, 0.99495905709329
1394, 0.99495905709329
1395, 0.99495905709329
1396, 0.99495905709329
1397, 0.99495905709329
1398, 0.99495905709329
1399, 0.99495905709329
1400, 0.99495905709329
1401, 0.99495905709329
1402, 0.99495905709329
1403, 0.99495905709329
1404, 0.99495905709329
1405, 0.99495905709329
1406, 0.99495905709329
1407, 0.99495905709329
1408, 0.99495905709329
1409, 0.99495905709329
1410, 0.99495905709329
1411, 0.99495905709329
1412, 0.99495905709329
1413, 0.99495905709329
1414, 0.99495905709329
1415, 0.99495905709329
1416, 0.99495905709329
1417, 0.99495905709329
1418, 0.99495905709329
1419, 0.99495905709329
1420, 0.99495905709329
1421, 0.99495905709329
1422, 0.99495905709329
1423, 0.99495905709329
1424, 0.99495905709329
1425, 0.99495905709329
1426, 0.99495905709329
1427, 0.99495905709329
1428, 0.99495905709329
1429, 0.99495905709329
1430, 0.99495905709329
1431, 0.99495905709329
1432, 0.99495905709329
1433, 0.99495905709329
1434, 0.99495905709329
1435, 0.99495905709329
1436, 0.99495905709329
1437, 0.99495905709329
1438, 0.99495905709329
1439, 0.99495905709329
1440, 0.99495905709329
1441, 0.99495905709329
1442, 0.99495905709329
1443, 0.99495905709329
1444, 0.99495905709329
1445, 0.99495905709329
1446, 0.99495905709329
1447, 0.99495905709329
1448, 0.99495905709329
1449, 0.99495905709329
1450, 0.99495905709329
1451, 0.99495905709329
1452, 0.99495905709329
1453, 0.99495905709329
1454, 0.99495905709329
1455, 0.99495905709329
1456, 0.99495905709329
1457, 0.99495905709329
1458, 0.99495905709329
1459, 0.99495905709329
1460, 0.99495905709329
1461, 0.99495905709329
1462, 0.99495905709329
1463, 0.99495905709329
1464, 0.99495905709329
1465, 0.99495905709329
1466, 0.99495905709329
1467, 0.99495905709329
1468, 0.99495905709329
1469, 0.99495905709329
1470, 0.99495905709329
1471, 0.99495905709329
1472, 0.99495905709329
1473, 0.99495905709329
1474, 0.99495905709329
1475, 0.99495905709329
1476, 0.99495905709329
1477, 0.99495905709329
1478, 0.99495905709329
1479, 0.99495905709329
1480, 0.99495905709329
1481, 0.99495905709329
1482, 0.99495905709329
1483, 0.99495905709329
1484, 0.99495905709329
1485, 0.99495905709329
1486, 0.99495905709329
1487, 0.99495905709329
1488, 0.99495905709329
1489, 0.99495905709329
1490, 0.99495905709329
1491, 0.99495905709329
1492, 0.99495905709329
1493, 0.99495905709329
1494, 0.99495905709329
1495, 0.99495905709329
1496, 0.99495905709329
1497, 0.99495905709329
1498, 0.99495905709329
1499, 0.99495905709329
1500, 0.99495905709329
1501, 0.99495905709329
1502, 0.99495905709329
1503, 0.99495905709329
1504, 0.99495905709329
1505, 0.99495905709329
1506, 0.99495905709329
1507, 0.99495905709329
1508, 0.99495905709329
1509, 0.99495905709329
1510, 0.99495905709329
1511, 0.99495905709329
1512, 0.99495905709329
1513, 0.99495905709329
1514, 0.99495905709329
1515, 0.99495905709329
1516, 0.99495905709329
1517, 0.99495905709329
1518, 0.99495905709329
1519, 0.99495905709329
1520, 0.99495905709329
1521, 0.99495905709329
1522, 0.99495905709329
1523, 0.99495905709329
1524, 0.99495905709329
1525, 0.99495905709329
1526, 0.99495905709329
1527, 0.99495905709329
1528, 0.99495905709329
1529, 0.99495905709329
1530, 0.99495905709329
1531, 0.99495905709329
1532, 0.99495905709329
1533, 0.99495905709329
1534, 0.99495905709329
1535, 0.99495905709329
1536, 0.99495905709329
1537, 0.99495905709329
1538, 0.99495905709329
1539, 0.99495905709329
1540, 0.99495905709329
1541, 0.99495905709329
1542, 0.99495905709329
1543, 0.99495905709329
1544, 0.99495905709329
1545, 0.99495905709329
1546, 0.99495905709329
1547, 0.99495905709329
1548, 0.99495905709329
1549, 0.99495905709329
1550, 0.99495905709329
1551, 0.99495905709329
1552, 0.99495905709329
1553, 0.99495905709329
1554, 0.99495905709329
1555, 0.99495905709329
1556, 0.99495905709329
1557, 0.99495905709329
1558, 0.99495905709329
1559, 0.99495905709329
1560, 0.99495905709329
1561, 0.99495905709329
1562, 0.99495905709329
1563, 0.99495905709329
1564, 0.99495905709329
1565, 0.99495905709329
1566, 0.99495905709329
1567, 0.99495905709329
1568, 0.99495905709329
1569, 0.99495905709329
1570, 0.99495905709329
1571, 0.99495905709329
1572, 0.99495905709329
1573, 0.99495905709329
1574, 0.99495905709329
1575, 0.99495905709329
1576, 0.99495905709329
1577, 0.99495905709329
1578, 0.99495905709329
1579, 0.99495905709329
1580, 0.99495905709329
1581, 0.99495905709329
1582, 0.99495905709329
1583, 0.99495905709329
1584, 0.99495905709329
1585, 0.99495905709329
1586, 0.99495905709329
1587, 0.99495905709329
1588, 0.99495905709329
1589, 0.99495905709329
1590, 0.99495905709329
1591, 0.99495905709329
1592, 0.99495905709329
1593, 0.99495905709329
1594, 0.99495905709329
1595, 0.99495905709329
1596, 0.99495905709329
1597, 0.99495905709329
1598, 0.99495905709329
1599, 0.99495905709329
1600, 0.99495905709329
1601, 0.99495905709329
1602, 0.99495905709329
1603, 0.99495905709329
1604, 0.99495905709329
1605, 0.99495905709329
1606, 0.99495905709329
1607, 0.99495905709329
1608, 0.99495905709329
1609, 0.99495905709329
1610, 0.99495905709329
1611, 0.99495905709329
1612, 0.99495905709329
1613, 0.99495905709329
1614, 0.99495905709329
1615, 0.99495905709329
1616, 0.99495905709329
1617, 0.99495905709329
1618, 0.99495905709329
1619, 0.99495905709329
1620, 0.99495905709329
1621, 0.99495905709329
1622, 0.99495905709329
1623, 0.99495905709329
1624, 0.99495905709329
1625, 0.99495905709329
1626, 0.99495905709329
1627, 0.99495905709329
1628, 0.99495905709329
1629, 0.99495905709329
1630, 0.99495905709329
1631, 0.99495905709329
1632, 0.99495905709329
1633, 0.99495905709329
1634, 0.99495905709329
1635, 0.99495905709329
1636, 0.99495905709329
1637, 0.99495905709329
1638, 0.99495905709329
1639, 0.99495905709329
1640, 0.99495905709329
1641, 0.99495905709329
1642, 0.99495905709329
1643, 0.99495905709329
1644, 0.99495905709329
1645, 0.99495905709329
1646, 0.99495905709329
1647, 0.99495905709329
1648, 0.99495905709329
1649, 0.99495905709329
1650, 0.99495905709329
1651, 0.99495905709329
1652, 0.99495905709329
1653, 0.99495905709329
1654, 0.99495905709329
1655, 0.99495905709329
1656, 0.99495905709329
1657, 0.99495905709329
1658, 0.99495905709329
1659, 0.99495905709329
1660, 0.99495905709329
1661, 0.99495905709329
1662, 0.99495905709329
1663, 0.99495905709329
1664, 0.99495905709329
1665, 0.99495905709329
1666, 0.99495905709329
1667, 0.99495905709329
1668, 0.99495905709329
1669, 0.99495905709329
1670, 0.99495905709329
1671, 0.99495905709329
1672, 0.99495905709329
1673, 0.99495905709329
1674, 0.99495905709329
1675, 0.99495905709329
1676, 0.99495905709329
1677, 0.99495905709329
1678, 0.99495905709329
1679, 0.99495905709329
1680, 0.99495905709329
1681, 0.99495905709329
1682, 0.99495905709329
1683, 0.99495905709329
1684, 0.99495905709329
1685, 0.99495905709329
1686, 0.99495905709329
1687, 0.99495905709329
1688, 0.99495905709329
1689, 0.99495905709329
1690, 0.99495905709329
1691, 0.99495905709329
1692, 0.99495905709329
1693, 0.99495905709329
1694, 0.99495905709329
1695, 0.99495905709329
1696, 0.99495905709329
1697, 0.99495905709329
1698, 0.99495905709329
1699, 0.99495905709329
1700, 0.99495905709329
1701, 0.99495905709329
1702, 0.99495905709329
1703, 0.99495905709329
1704, 0.99495905709329
1705, 0.99495905709329
1706, 0.99495905709329
1707, 0.99495905709329
1708, 0.99495905709329
1709, 0.99495905709329
1710, 0.99495905709329
1711, 0.99495905709329
1712, 0.99495905709329
1713, 0.99495905709329
1714, 0.99495905709329
1715, 0.99495905709329
1716, 0.99495905709329
1717, 0.99495905709329
1718, 0.99495905709329
1719, 0.99495905709329
1720, 0.99495905709329
1721, 0.99495905709329
1722, 0.99495905709329
1723, 0.99495905709329
1724, 0.99495905709329
1725, 0.99495905709329
1726, 0.99495905709329
1727, 0.99495905709329
1728, 0.99495905709329
1729, 0.99495905709329
1730, 0.99495905709329
1731, 0.99495905709329
1732, 0.99495905709329
1733, 0.99495905709329
1734, 0.99495905709329
1735, 0.99495905709329
1736, 0.99495905709329
1737, 0.99495905709329
1738, 0.99495905709329
1739, 0.99495905709329
1740, 0.99495905709329
1741, 0.99495905709329
1742, 0.99495905709329
1743, 0.99495905709329
1744, 0.99495905709329
1745, 0.99495905709329
1746, 0.99495905709329
1747, 0.99495905709329
1748, 0.99495905709329
1749, 0.99495905709329
1750, 0.99495905709329
1751, 0.99495905709329
1752, 0.99495905709329
1753, 0.99495905709329
1754, 0.99495905709329
1755, 0.99495905709329
1756, 0.99495905709329
1757, 0.99495905709329
1758, 0.99495905709329
1759, 0.99495905709329
1760, 0.99495905709329
1761, 0.99495905709329
1762, 0.99495905709329
1763, 0.99495905709329
1764, 0.99495905709329
1765, 0.99495905709329
1766, 0.99495905709329
1767, 0.99495905709329
1768, 0.99495905709329
1769, 0.99495905709329
1770, 0.99495905709329
1771, 0.99495905709329
1772, 0.99495905709329
1773, 0.99495905709329
1774, 0.99495905709329
1775, 0.99495905709329
1776, 0.99495905709329
1777, 0.99495905709329
1778, 0.99495905709329
1779, 0.99495905709329
1780, 0.99495905709329
1781, 0.99495905709329
1782, 0.99495905709329
1783, 0.99495905709329
1784, 0.99495905709329
1785, 0.99495905709329
1786, 0.99495905709329
1787, 0.99495905709329
1788, 0.99495905709329
1789, 0.99495905709329
1790, 0.99495905709329
1791, 0.99495905709329
1792, 0.99495905709329
1793, 0.99495905709329
1794, 0.99495905709329
1795, 0.99495905709329
1796, 0.99495905709329
1797, 0.99495905709329
1798, 0.99495905709329
1799, 0.99495905709329
1800, 0.99495905709329
1801, 0.99495905709329
1802, 0.99495905709329
1803, 0.99495905709329
1804, 0.99495905709329
1805, 0.99495905709329
1806, 0.99495905709329
1807, 0.99495905709329
1808, 0.99495905709329
1809, 0.99495905709329
1810, 0.99495905709329
1811, 0.99495905709329
1812, 0.99495905709329
1813, 0.99495905709329
1814, 0.99495905709329
1815, 0.99495905709329
1816, 0.99495905709329
1817, 0.99495905709329
1818, 0.99495905709329
1819, 0.99495905709329
1820, 0.99495905709329
1821, 0.99495905709329
1822, 0.99495905709329
1823, 0.99495905709329
1824, 0.99495905709329
1825, 0.99495905709329
1826, 0.99495905709329
1827, 0.99495905709329
1828, 0.99495905709329
1829, 0.99495905709329
1830, 0.99495905709329
1831, 0.99495905709329
1832, 0.99495905709329
1833, 0.99495905709329
1834, 0.99495905709329
1835, 0.99495905709329
1836, 0.99495905709329
1837, 0.99495905709329
1838, 0.99495905709329
1839, 0.99495905709329
1840, 0.99495905709329
1841, 0.99495905709329
1842, 0.99495905709329
1843, 0.99495905709329
1844, 0.99495905709329
1845, 0.99495905709329
1846, 0.99495905709329
1847, 0.99495905709329
1848, 0.99495905709329
1849, 0.99495905709329
1850, 0.99495905709329
1851, 0.99495905709329
1852, 0.99495905709329
1853, 0.99495905709329
1854, 0.99495905709329
1855, 0.99495905709329
1856, 0.99495905709329
1857, 0.99495905709329
1858, 0.99495905709329
1859, 0.99495905709329
1860, 0.99495905709329
1861, 0.99495905709329
1862, 0.99495905709329
1863, 0.99495905709329
1864, 0.99495905709329
1865, 0.99495905709329
1866, 0.99495905709329
1867, 0.99495905709329
1868, 0.99495905709329
1869, 0.99495905709329
1870, 0.99495905709329
1871, 0.99495905709329
1872, 0.99495905709329
1873, 0.99495905709329
1874, 0.99495905709329
1875, 0.99495905709329
1876, 0.99495905709329
1877, 0.99495905709329
1878, 0.99495905709329
1879, 0.99495905709329
1880, 0.99495905709329
1881, 0.99495905709329
1882, 0.99495905709329
1883, 0.99495905709329
1884, 0.99495905709329
1885, 0.99495905709329
1886, 0.99495905709329
1887, 0.99495905709329
1888, 0.99495905709329
1889, 0.99495905709329
1890, 0.99495905709329
1891, 0.99495905709329
1892, 0.99495905709329
1893, 0.99495905709329
1894, 0.99495905709329
1895, 0.99495905709329
1896, 0.99495905709329
1897, 0.99495905709329
1898, 0.99495905709329
1899, 0.99495905709329
1900, 0.99495905709329
1901, 0.99495905709329
1902, 0.99495905709329
1903, 0.99495905709329
1904, 0.99495905709329
1905, 0.99495905709329
1906, 0.99495905709329
1907, 0.99495905709329
1908, 0.99495905709329
1909, 0.99495905709329
1910, 0.99495905709329
1911, 0.99495905709329
1912, 0.99495905709329
1913, 0.99495905709329
1914, 0.99495905709329
1915, 0.99495905709329
1916, 0.99495905709329
1917, 0.99495905709329
1918, 0.99495905709329
1919, 0.99495905709329
1920, 0.99495905709329
1921, 0.99495905709329
1922, 0.99495905709329
1923, 0.99495905709329
1924, 0.99495905709329
1925, 0.99495905709329
1926, 0.99495905709329
1927, 0.99495905709329
1928, 0.99495905709329
1929, 0.99495905709329
1930, 0.99495905709329
1931, 0.99495905709329
1932, 0.99495905709329
1933, 0.99495905709329
1934, 0.99495905709329
1935, 0.99495905709329
1936, 0.99495905709329
1937, 0.99495905709329
1938, 0.99495905709329
1939, 0.99495905709329
1940, 0.99495905709329
1941, 0.99495905709329
1942, 0.99495905709329
1943, 0.99495905709329
1944, 0.99495905709329
1945, 0.99495905709329
1946, 0.99495905709329
1947, 0.99495905709329
1948, 0.99495905709329
1949, 0.99495905709329
1950, 0.99495905709329
1951, 0.99495905709329
1952, 0.99495905709329
1953, 0.99495905709329
1954, 0.99495905709329
1955, 0.99495905709329
1956, 0.99495905709329
1957, 0.99495905709329
1958, 0.99495905709329
1959, 0.99495905709329
1960, 0.99495905709329
1961, 0.99495905709329
1962, 0.99495905709329
1963, 0.99495905709329
1964, 0.99495905709329
1965, 0.99495905709329
1966, 0.99495905709329
1967, 0.99495905709329
1968, 0.99495905709329
1969, 0.99495905709329
1970, 0.99495905709329
1971, 0.99495905709329
1972, 0.99495905709329
1973, 0.99495905709329
1974, 0.99495905709329
1975, 0.99495905709329
1976, 0.99495905709329
1977, 0.99495905709329
1978, 0.99495905709329
1979, 0.99495905709329
1980, 0.99495905709329
1981, 0.99495905709329
1982, 0.99495905709329
1983, 0.99495905709329
1984, 0.99495905709329
1985, 0.99495905709329
1986, 0.99495905709329
1987, 0.99495905709329
1988, 0.99495905709329
1989, 0.99495905709329
1990, 0.99495905709329
1991, 0.99495905709329
1992, 0.99495905709329
1993, 0.99495905709329
1994, 0.99495905709329
1995, 0.99495905709329
1996, 0.99495905709329
1997, 0.99495905709329
1998, 0.99495905709329
1999, 0.99495905709329
2000, 0.99495905709329
2001, 0.99495905709329
2002, 0.99495905709329
2003, 0.99495905709329
2004, 0.99495905709329
2005, 0.99495905709329
2006, 0.99495905709329
2007, 0.99495905709329
2008, 0.99495905709329
2009, 0.99495905709329
2010, 0.99495905709329
2011, 0.99495905709329
2012, 0.99495905709329
2013, 0.99495905709329
2014, 0.99495905709329
2015, 0.99495905709329
2016, 0.99495905709329
2017, 0.99495905709329
2018, 0.99495905709329
2019, 0.99495905709329
2020, 0.99495905709329
2021, 0.99495905709329
2022, 0.99495905709329
2023, 0.99495905709329
2024, 0.99495905709329
2025, 0.99495905709329
2026, 0.99495905709329
2027, 0.99495905709329
2028, 0.99495905709329
2029, 0.99495905709329
2030, 0.99495905709329
2031, 0.99495905709329
2032, 0.99495905709329
2033, 0.99495905709329
2034, 0.99495905709329
2035, 0.99495905709329
2036, 0.99495905709329
2037, 0.99495905709329
2038, 0.99495905709329
2039, 0.99495905709329
2040, 0.99495905709329
2041, 0.99495905709329
2042, 0.99495905709329
2043, 0.99495905709329
2044, 0.99495905709329
2045, 0.99495905709329
2046, 0.99495905709329
2047, 0.99495905709329
2048, 0.99495905709329
2049, 0.99495905709329
2050, 0.99495905709329
2051, 0.99495905709329
2052, 0.99495905709329
2053, 0.99495905709329
2054, 0.99495905709329
2055, 0.99495905709329
2056, 0.99495905709329
2057, 0.99495905709329
2058, 0.99495905709329
2059, 0.99495905709329
2060, 0.99495905709329
2061, 0.99495905709329
2062, 0.99495905709329
2063, 0.99495905709329
2064, 0.99495905709329
2065, 0.99495905709329
2066, 0.99495905709329
2067, 0.99495905709329
2068, 0.99495905709329
2069, 0.99495905709329
2070, 0.99495905709329
2071, 0.99495905709329
2072, 0.99495905709329
2073, 0.99495905709329
2074, 0.99495905709329
2075, 0.99495905709329
2076, 0.99495905709329
2077, 0.99495905709329
2078, 0.99495905709329
2079, 0.99495905709329
2080, 0.99495905709329
2081, 0.99495905709329
2082, 0.99495905709329
2083, 0.99495905709329
2084, 0.99495905709329
2085, 0.99495905709329
2086, 0.99495905709329
2087, 0.99495905709329
2088, 0.99495905709329
2089, 0.99495905709329
2090, 0.99495905709329
2091, 0.99495905709329
2092, 0.99495905709329
2093, 0.99495905709329
2094, 0.99495905709329
2095, 0.99495905709329
2096, 0.99495905709329
2097, 0.99495905709329
2098, 0.99495905709329
2099, 0.99495905709329
2100, 0.99495905709329
2101, 0.99495905709329
2102, 0.99495905709329
2103, 0.99495905709329
2104, 0.99495905709329
2105, 0.99495905709329
2106, 0.99495905709329
2107, 0.99495905709329
2108, 0.99495905709329
2109, 0.99495905709329
2110, 0.99495905709329
2111, 0.99495905709329
2112, 0.99495905709329
2113, 0.99495905709329
2114, 0.99495905709329
2115, 0.99495905709329
2116, 0.99495905709329
2117, 0.99495905709329
2118, 0.99495905709329
2119, 0.99495905709329
2120, 0.99495905709329
2121, 0.99495905709329
2122, 0.99495905709329
2123, 0.99495905709329
2124, 0.99495905709329
2125, 0.99495905709329
2126, 0.99495905709329
2127, 0.99495905709329
2128, 0.99495905709329
2129, 0.99495905709329
2130, 0.99495905709329
2131, 0.99495905709329
2132, 0.99495905709329
2133, 0.99495905709329
2134, 0.99495905709329
2135, 0.99495905709329
2136, 0.99495905709329
2137, 0.99495905709329
2138, 0.99495905709329
2139, 0.99495905709329
2140, 0.99495905709329
2141, 0.99495905709329
2142, 0.99495905709329
2143, 0.99495905709329
2144, 0.99495905709329
2145, 0.99495905709329
2146, 0.99495905709329
2147, 0.99495905709329
2148, 0.99495905709329
2149, 0.99495905709329
2150, 0.99495905709329
2151, 0.99495905709329
2152, 0.99495905709329
2153, 0.99495905709329
2154, 0.99495905709329
2155, 0.99495905709329
2156, 0.99495905709329
2157, 0.99495905709329
2158, 0.99495905709329
2159, 0.99495905709329
2160, 0.99495905709329
2161, 0.99495905709329
2162, 0.99495905709329
2163, 0.99495905709329
2164, 0.99495905709329
2165, 0.99495905709329
2166, 0.99495905709329
2167, 0.99495905709329
2168, 0.99495905709329
2169, 0.99495905709329
2170, 0.99495905709329
2171, 0.99495905709329
2172, 0.99495905709329
2173, 0.99495905709329
2174, 0.99495905709329
2175, 0.99495905709329
2176, 0.99495905709329
2177, 0.99495905709329
2178, 0.99495905709329
2179, 0.99495905709329
2180, 0.99495905709329
2181, 0.99495905709329
2182, 0.99495905709329
2183, 0.99495905709329
2184, 0.99495905709329
2185, 0.99495905709329
2186, 0.99495905709329
2187, 0.99495905709329
2188, 0.99495905709329
2189, 0.99495905709329
2190, 0.99495905709329
2191, 0.99495905709329
2192, 0.99495905709329
2193, 0.99495905709329
2194, 0.99495905709329
2195, 0.99495905709329
2196, 0.99495905709329
2197, 0.99495905709329
2198, 0.99495905709329
2199, 0.99495905709329
2200, 0.99495905709329
2201, 0.99495905709329
2202, 0.99495905709329
2203, 0.99495905709329
2204, 0.99495905709329
2205, 0.99495905709329
2206, 0.99495905709329
2207, 0.99495905709329
2208, 0.99495905709329
2209, 0.99495905709329
2210, 0.99495905709329
2211, 0.99495905709329
2212, 0.99495905709329
2213, 0.99495905709329
2214, 0.99495905709329
2215, 0.99495905709329
2216, 0.99495905709329
2217, 0.99495905709329
2218, 0.99495905709329
2219, 0.99495905709329
2220, 0.99495905709329
2221, 0.99495905709329
2222, 0.99495905709329
2223, 0.99495905709329
2224, 0.99495905709329
2225, 0.99495905709329
2226, 0.99495905709329
2227, 0.99495905709329
2228, 0.99495905709329
2229, 0.99495905709329
2230, 0.99495905709329
2231, 0.99495905709329
2232, 0.99495905709329
2233, 0.99495905709329
2234, 0.99495905709329
2235, 0.99495905709329
2236, 0.99495905709329
2237, 0.99495905709329
2238, 0.99495905709329
2239, 0.99495905709329
2240, 0.99495905709329
2241, 0.99495905709329
2242, 0.99495905709329
2243, 0.99495905709329
2244, 0.99495905709329
2245, 0.99495905709329
2246, 0.99495905709329
2247, 0.99495905709329
2248, 0.99495905709329
2249, 0.99495905709329
2250, 0.99495905709329
2251, 0.99495905709329
2252, 0.99495905709329
2253, 0.99495905709329
2254, 0.99495905709329
2255, 0.99495905709329
2256, 0.99495905709329
2257, 0.99495905709329
2258, 0.99495905709329
2259, 0.99495905709329
2260, 0.99495905709329
2261, 0.99495905709329
2262, 0.99495905709329
2263, 0.99495905709329
2264, 0.99495905709329
2265, 0.99495905709329
2266, 0.99495905709329
2267, 0.99495905709329
2268, 0.99495905709329
2269, 0.99495905709329
2270, 0.99495905709329
2271, 0.99495905709329
2272, 0.99495905709329
2273, 0.99495905709329
2274, 0.99495905709329
2275, 0.99495905709329
2276, 0.99495905709329
2277, 0.99495905709329
2278, 0.99495905709329
2279, 0.99495905709329
2280, 0.99495905709329
2281, 0.99495905709329
2282, 0.99495905709329
2283, 0.99495905709329
2284, 0.99495905709329
2285, 0.99495905709329
2286, 0.99495905709329
2287, 0.99495905709329
2288, 0.99495905709329
2289, 0.99495905709329
2290, 0.99495905709329
2291, 0.99495905709329
2292, 0.99495905709329
2293, 0.99495905709329
2294, 0.99495905709329
2295, 0.99495905709329
2296, 0.99495905709329
2297, 0.99495905709329
2298, 0.99495905709329
2299, 0.99495905709329
2300, 0.99495905709329
2301, 0.99495905709329
2302, 0.99495905709329
2303, 0.99495905709329
2304, 0.99495905709329
2305, 0.99495905709329
2306, 0.99495905709329
2307, 0.99495905709329
2308, 0.99495905709329
2309, 0.99495905709329
2310, 0.99495905709329
2311, 0.99495905709329
2312, 0.99495905709329
2313, 0.99495905709329
2314, 0.99495905709329
2315, 0.99495905709329
2316, 0.99495905709329
2317, 0.99495905709329
2318, 0.99495905709329
2319, 0.99495905709329
2320, 0.99495905709329
2321, 0.99495905709329
2322, 0.99495905709329
2323, 0.99495905709329
2324, 0.99495905709329
2325, 0.99495905709329
2326, 0.99495905709329
2327, 0.99495905709329
2328, 0.99495905709329
2329, 0.99495905709329
2330, 0.99495905709329
2331, 0.99495905709329
2332, 0.99495905709329
2333, 0.99495905709329
2334, 0.99495905709329
2335, 0.99495905709329
2336, 0.99495905709329
2337, 0.99495905709329
2338, 0.99495905709329
2339, 0.99495905709329
2340, 0.99495905709329
2341, 0.99495905709329
2342, 0.99495905709329
2343, 0.99495905709329
2344, 0.99495905709329
2345, 0.99495905709329
2346, 0.99495905709329
2347, 0.99495905709329
2348, 0.99495905709329
2349, 0.99495905709329
2350, 0.99495905709329
2351, 0.99495905709329
2352, 0.99495905709329
2353, 0.99495905709329
2354, 0.99495905709329
2355, 0.99495905709329
2356, 0.99495905709329
2357, 0.99495905709329
2358, 0.99495905709329
2359, 0.99495905709329
2360, 0.99495905709329
2361, 0.99495905709329
2362, 0.99495905709329
2363, 0.99495905709329
2364, 0.99495905709329
2365, 0.99495905709329
2366, 0.99495905709329
2367, 0.99495905709329
2368, 0.99495905709329
2369, 0.99495905709329
2370, 0.99495905709329
2371, 0.99495905709329
2372, 0.99495905709329
2373, 0.99495905709329
2374, 0.99495905709329
2375, 0.99495905709329
2376, 0.99495905709329
2377, 0.99495905709329
2378, 0.99495905709329
2379, 0.99495905709329
2380, 0.99495905709329
2381, 0.99495905709329
2382, 0.99495905709329
2383, 0.99495905709329
2384, 0.99495905709329
2385, 0.99495905709329
2386, 0.99495905709329
2387, 0.99495905709329
2388, 0.99495905709329
2389, 0.99495905709329
2390, 0.99495905709329
2391, 0.99495905709329
2392, 0.99495905709329
2393, 0.99495905709329
2394, 0.99495905709329
2395, 0.99495905709329
2396, 0.99495905709329
2397, 0.99495905709329
2398, 0.99495905709329
2399, 0.99495905709329
2400, 0.99495905709329
2401, 0.99495905709329
2402, 0.99495905709329
2403, 0.99495905709329
2404, 0.99495905709329
2405, 0.99495905709329
2406, 0.99495905709329
2407, 0.99495905709329
2408, 0.99495905709329
2409, 0.99495905709329
2410, 0.99495905709329
2411, 0.99495905709329
2412, 0.99495905709329
2413, 0.99495905709329
2414, 0.99495905709329
2415, 0.99495905709329
2416, 0.99495905709329
2417, 0.99495905709329
2418, 0.99495905709329
2419, 0.99495905709329
2420, 0.99495905709329
2421, 0.99495905709329
2422, 0.99495905709329
2423, 0.99495905709329
2424, 0.99495905709329
2425, 0.99495905709329
2426, 0.99495905709329
2427, 0.99495905709329
2428, 0.99495905709329
2429, 0.99495905709329
2430, 0.99495905709329
2431, 0.99495905709329
2432, 0.99495905709329
2433, 0.99495905709329
2434, 0.99495905709329
2435, 0.99495905709329
2436, 0.99495905709329
2437, 0.99495905709329
2438, 0.99495905709329
2439, 0.99495905709329
2440, 0.99495905709329
2441, 0.99495905709329
2442, 0.99495905709329
2443, 0.99495905709329
2444, 0.99495905709329
2445, 0.99495905709329
2446, 0.99495905709329
2447, 0.99495905709329
2448, 0.99495905709329
2449, 0.99495905709329
2450, 0.99495905709329
2451, 0.99495905709329
2452, 0.99495905709329
2453, 0.99495905709329
2454, 0.99495905709329
2455, 0.99495905709329
2456, 0.99495905709329
2457, 0.99495905709329
2458, 0.99495905709329
2459, 0.99495905709329
2460, 0.99495905709329
2461, 0.99495905709329
2462, 0.99495905709329
2463, 0.99495905709329
2464, 0.99495905709329
2465, 0.99495905709329
2466, 0.99495905709329
2467, 0.99495905709329
2468, 0.99495905709329
2469, 0.99495905709329
2470, 0.99495905709329
2471, 0.99495905709329
2472, 0.99495905709329
2473, 0.99495905709329
2474, 0.99495905709329
2475, 0.99495905709329
2476, 0.99495905709329
2477, 0.99495905709329
2478, 0.99495905709329
2479, 0.99495905709329
2480, 0.99495905709329
2481, 0.99495905709329
2482, 0.99495905709329
2483, 0.99495905709329
2484, 0.99495905709329
2485, 0.99495905709329
2486, 0.99495905709329
2487, 0.99495905709329
2488, 0.99495905709329
2489, 0.99495905709329
2490, 0.99495905709329
2491, 0.99495905709329
2492, 0.99495905709329
2493, 0.99495905709329
2494, 0.99495905709329
2495, 0.99495905709329
2496, 0.99495905709329
2497, 0.99495905709329
2498, 0.99495905709329
2499, 0.99495905709329
2500, 0.99495905709329
2501, 0.99495905709329
2502, 0.99495905709329
2503, 0.99495905709329
2504, 0.99495905709329
2505, 0.99495905709329
2506, 0.99495905709329
2507, 0.99495905709329
2508, 0.99495905709329
2509, 0.99495905709329
2510, 0.99495905709329
2511, 0.99495905709329
2512, 0.99495905709329
2513, 0.99495905709329
2514, 0.99495905709329
2515, 0.99495905709329
2516, 0.99495905709329
2517, 0.99495905709329
2518, 0.99495905709329
2519, 0.99495905709329
2520, 0.99495905709329
2521, 0.99495905709329
2522, 0.99495905709329
2523, 0.99495905709329
2524, 0.99495905709329
2525, 0.99495905709329
2526, 0.99495905709329
2527, 0.99495905709329
2528, 0.99495905709329
2529, 0.99495905709329
2530, 0.99495905709329
2531, 0.99495905709329
2532, 0.99495905709329
2533, 0.99495905709329
2534, 0.99495905709329
2535, 0.99495905709329
2536, 0.99495905709329
2537, 0.99495905709329
2538, 0.99495905709329
2539, 0.99495905709329
2540, 0.99495905709329
2541, 0.99495905709329
2542, 0.99495905709329
2543, 0.99495905709329
2544, 0.99495905709329
2545, 0.99495905709329
2546, 0.99495905709329
2547, 0.99495905709329
2548, 0.99495905709329
2549, 0.99495905709329
2550, 0.99495905709329
2551, 0.99495905709329
2552, 0.99495905709329
2553, 0.99495905709329
2554, 0.99495905709329
2555, 0.99495905709329
2556, 0.99495905709329
2557, 0.99495905709329
2558, 0.99495905709329
2559, 0.99495905709329
2560, 0.99495905709329
2561, 0.99495905709329
2562, 0.99495905709329
2563, 0.99495905709329
2564, 0.99495905709329
2565, 0.99495905709329
2566, 0.99495905709329
2567, 0.99495905709329
2568, 0.99495905709329
2569, 0.99495905709329
2570, 0.99495905709329
2571, 0.99495905709329
2572, 0.99495905709329
2573, 0.99495905709329
2574, 0.99495905709329
2575, 0.99495905709329
2576, 0.99495905709329
2577, 0.99495905709329
2578, 0.99495905709329
2579, 0.99495905709329
2580, 0.99495905709329
2581, 0.99495905709329
2582, 0.99495905709329
2583, 0.99495905709329
2584, 0.99495905709329
2585, 0.99495905709329
2586, 0.99495905709329
2587, 0.99495905709329
2588, 0.99495905709329
2589, 0.99495905709329
2590, 0.99495905709329
2591, 0.99495905709329
2592, 0.99495905709329
2593, 0.99495905709329
2594, 0.99495905709329
2595, 0.99495905709329
2596, 0.99495905709329
2597, 0.99495905709329
2598, 0.99495905709329
2599, 0.99495905709329
2600, 0.99495905709329
2601, 0.99495905709329
2602, 0.99495905709329
2603, 0.99495905709329
2604, 0.99495905709329
2605, 0.99495905709329
2606, 0.99495905709329
2607, 0.99495905709329
2608, 0.99495905709329
2609, 0.99495905709329
2610, 0.99495905709329
2611, 0.99495905709329
2612, 0.99495905709329
2613, 0.99495905709329
2614, 0.99495905709329
2615, 0.99495905709329
2616, 0.99495905709329
2617, 0.99495905709329
2618, 0.99495905709329
2619, 0.99495905709329
2620, 0.99495905709329
2621, 0.99495905709329
2622, 0.99495905709329
2623, 0.99495905709329
2624, 0.99495905709329
2625, 0.99495905709329
2626, 0.99495905709329
2627, 0.99495905709329
2628, 0.99495905709329
2629, 0.99495905709329
2630, 0.99495905709329
2631, 0.99495905709329
2632, 0.99495905709329
2633, 0.99495905709329
2634, 0.99495905709329
2635, 0.99495905709329
2636, 0.99495905709329
2637, 0.99495905709329
2638, 0.99495905709329
2639, 0.99495905709329
2640, 0.99495905709329
2641, 0.99495905709329
2642, 0.99495905709329
2643, 0.99495905709329
2644, 0.99495905709329
2645, 0.99495905709329
2646, 0.99495905709329
2647, 0.99495905709329
2648, 0.99495905709329
2649, 0.99495905709329
2650, 0.99495905709329
2651, 0.99495905709329
2652, 0.99495905709329
2653, 0.99495905709329
2654, 0.99495905709329
2655, 0.99495905709329
2656, 0.99495905709329
2657, 0.99495905709329
2658, 0.99495905709329
2659, 0.99495905709329
2660, 0.99495905709329
2661, 0.99495905709329
2662, 0.99495905709329
2663, 0.99495905709329
2664, 0.99495905709329
2665, 0.99495905709329
2666, 0.99495905709329
2667, 0.99495905709329
2668, 0.99495905709329
2669, 0.99495905709329
2670, 0.99495905709329
2671, 0.99495905709329
2672, 0.99495905709329
2673, 0.99495905709329
2674, 0.99495905709329
2675, 0.99495905709329
2676, 0.99495905709329
2677, 0.99495905709329
2678, 0.99495905709329
2679, 0.99495905709329
2680, 0.99495905709329
2681, 0.99495905709329
2682, 0.99495905709329
2683, 0.99495905709329
2684, 0.99495905709329
2685, 0.99495905709329
2686, 0.99495905709329
2687, 0.99495905709329
2688, 0.99495905709329
2689, 0.99495905709329
2690, 0.99495905709329
2691, 0.99495905709329
2692, 0.99495905709329
2693, 0.99495905709329
2694, 0.99495905709329
2695, 0.99495905709329
2696, 0.99495905709329
2697, 0.99495905709329
2698, 0.99495905709329
2699, 0.99495905709329
2700, 0.99495905709329
2701, 0.99495905709329
2702, 0.99495905709329
2703, 0.99495905709329
2704, 0.99495905709329
2705, 0.99495905709329
2706, 0.99495905709329
2707, 0.99495905709329
2708, 0.99495905709329
2709, 0.99495905709329
2710, 0.99495905709329
2711, 0.99495905709329
2712, 0.99495905709329
2713, 0.99495905709329
2714, 0.99495905709329
2715, 0.99495905709329
2716, 0.99495905709329
2717, 0.99495905709329
2718, 0.99495905709329
2719, 0.99495905709329
2720, 0.99495905709329
2721, 0.99495905709329
2722, 0.99495905709329
2723, 0.99495905709329
2724, 0.99495905709329
2725, 0.99495905709329
2726, 0.99495905709329
2727, 0.99495905709329
2728, 0.99495905709329
2729, 0.99495905709329
2730, 0.99495905709329
2731, 0.99495905709329
2732, 0.99495905709329
2733, 0.99495905709329
2734, 0.99495905709329
2735, 0.99495905709329
2736, 0.99495905709329
2737, 0.99495905709329
2738, 0.99495905709329
2739, 0.99495905709329
2740, 0.99495905709329
2741, 0.99495905709329
2742, 0.99495905709329
2743, 0.99495905709329
2744, 0.99495905709329
2745, 0.99495905709329
2746, 0.99495905709329
2747, 0.99495905709329
2748, 0.99495905709329
2749, 0.99495905709329
2750, 0.99495905709329
2751, 0.99495905709329
2752, 0.99495905709329
2753, 0.99495905709329
2754, 0.99495905709329
2755, 0.99495905709329
2756, 0.99495905709329
2757, 0.99495905709329
2758, 0.99495905709329
2759, 0.99495905709329
2760, 0.99495905709329
2761, 0.99495905709329
2762, 0.99495905709329
2763, 0.99495905709329
2764, 0.99495905709329
2765, 0.99495905709329
2766, 0.99495905709329
2767, 0.99495905709329
2768, 0.99495905709329
2769, 0.99495905709329
2770, 0.99495905709329
2771, 0.99495905709329
2772, 0.99495905709329
2773, 0.99495905709329
2774, 0.99495905709329
2775, 0.99495905709329
2776, 0.99495905709329
2777, 0.99495905709329
2778, 0.99495905709329
2779, 0.99495905709329
2780, 0.99495905709329
2781, 0.99495905709329
2782, 0.99495905709329
2783, 0.99495905709329
2784, 0.99495905709329
2785, 0.99495905709329
2786, 0.99495905709329
2787, 0.99495905709329
2788, 0.99495905709329
2789, 0.99495905709329
2790, 0.99495905709329
2791, 0.99495905709329
2792, 0.99495905709329
2793, 0.99495905709329
2794, 0.99495905709329
2795, 0.99495905709329
2796, 0.99495905709329
2797, 0.99495905709329
2798, 0.99495905709329
2799, 0.99495905709329
2800, 0.99495905709329
2801, 0.99495905709329
2802, 0.99495905709329
2803, 0.99495905709329
2804, 0.99495905709329
2805, 0.99495905709329
2806, 0.99495905709329
2807, 0.99495905709329
2808, 0.99495905709329
2809, 0.99495905709329
2810, 0.99495905709329
2811, 0.99495905709329
2812, 0.99495905709329
2813, 0.99495905709329
2814, 0.99495905709329
2815, 0.99495905709329
2816, 0.99495905709329
2817, 0.99495905709329
2818, 0.99495905709329
2819, 0.99495905709329
2820, 0.99495905709329
2821, 0.99495905709329
2822, 0.99495905709329
2823, 0.99495905709329
2824, 0.99495905709329
2825, 0.99495905709329
2826, 0.99495905709329
2827, 0.99495905709329
2828, 0.99495905709329
2829, 0.99495905709329
2830, 0.99495905709329
2831, 0.99495905709329
2832, 0.99495905709329
2833, 0.99495905709329
2834, 0.99495905709329
2835, 0.99495905709329
2836, 0.99495905709329
2837, 0.99495905709329
2838, 0.99495905709329
2839, 0.99495905709329
2840, 0.99495905709329
2841, 0.99495905709329
2842, 0.99495905709329
2843, 0.99495905709329
2844, 0.99495905709329
2845, 0.99495905709329
2846, 0.99495905709329
2847, 0.99495905709329
2848, 0.99495905709329
2849, 0.99495905709329
2850, 0.99495905709329
2851, 0.99495905709329
2852, 0.99495905709329
2853, 0.99495905709329
2854, 0.99495905709329
2855, 0.99495905709329
2856, 0.99495905709329
2857, 0.99495905709329
2858, 0.99495905709329
2859, 0.99495905709329
2860, 0.99495905709329
2861, 0.99495905709329
2862, 0.99495905709329
2863, 0.99495905709329
2864, 0.99495905709329
2865, 0.99495905709329
2866, 0.99495905709329
2867, 0.99495905709329
2868, 0.99495905709329
2869, 0.99495905709329
2870, 0.99495905709329
2871, 0.99495905709329
2872, 0.99495905709329
2873, 0.99495905709329
2874, 0.99495905709329
2875, 0.99495905709329
2876, 0.99495905709329
2877, 0.99495905709329
2878, 0.99495905709329
2879, 0.99495905709329
2880, 0.99495905709329
2881, 0.99495905709329
2882, 0.99495905709329
2883, 0.99495905709329
2884, 0.99495905709329
2885, 0.99495905709329
2886, 0.99495905709329
2887, 0.99495905709329
2888, 0.99495905709329
2889, 0.99495905709329
2890, 0.99495905709329
2891, 0.99495905709329
2892, 0.99495905709329
2893, 0.99495905709329
2894, 0.99495905709329
2895, 0.99495905709329
2896, 0.99495905709329
2897, 0.99495905709329
2898, 0.99495905709329
2899, 0.99495905709329
2900, 0.99495905709329
2901, 0.99495905709329
2902, 0.99495905709329
2903, 0.99495905709329
2904, 0.99495905709329
2905, 0.99495905709329
2906, 0.99495905709329
2907, 0.99495905709329
2908, 0.99495905709329
2909, 0.99495905709329
2910, 0.99495905709329
2911, 0.99495905709329
2912, 0.99495905709329
2913, 0.99495905709329
2914, 0.99495905709329
2915, 0.99495905709329
2916, 0.99495905709329
2917, 0.99495905709329
2918, 0.99495905709329
2919, 0.99495905709329
2920, 0.99495905709329
2921, 0.99495905709329
2922, 0.99495905709329
2923, 0.99495905709329
2924, 0.99495905709329
2925, 0.99495905709329
2926, 0.99495905709329
2927, 0.99495905709329
2928, 0.99495905709329
2929, 0.99495905709329
2930, 0.99495905709329
2931, 0.99495905709329
2932, 0.99495905709329
2933, 0.99495905709329
2934, 0.99495905709329
2935, 0.99495905709329
2936, 0.99495905709329
2937, 0.99495905709329
2938, 0.99495905709329
2939, 0.99495905709329
2940, 0.99495905709329
2941, 0.99495905709329
2942, 0.99495905709329
2943, 0.99495905709329
2944, 0.99495905709329
2945, 0.99495905709329
2946, 0.99495905709329
2947, 0.99495905709329
2948, 0.99495905709329
2949, 0.99495905709329
2950, 0.99495905709329
2951, 0.99495905709329
2952, 0.99495905709329
2953, 0.99495905709329
2954, 0.99495905709329
2955, 0.99495905709329
2956, 0.99495905709329
2957, 0.99495905709329
2958, 0.99495905709329
2959, 0.99495905709329
2960, 0.99495905709329
2961, 0.99495905709329
2962, 0.99495905709329
2963, 0.99495905709329
2964, 0.99495905709329
2965, 0.99495905709329
2966, 0.99495905709329
2967, 0.99495905709329
2968, 0.99495905709329
2969, 0.99495905709329
2970, 0.99495905709329
2971, 0.99495905709329
2972, 0.99495905709329
2973, 0.99495905709329
2974, 0.99495905709329
2975, 0.99495905709329
2976, 0.99495905709329
2977, 0.99495905709329
2978, 0.99495905709329
2979, 0.99495905709329
2980, 0.99495905709329
2981, 0.99495905709329
2982, 0.99495905709329
2983, 0.99495905709329
2984, 0.99495905709329
2985, 0.99495905709329
2986, 0.99495905709329
2987, 0.99495905709329
2988, 0.99495905709329
2989, 0.99495905709329
2990, 0.99495905709329
2991, 0.99495905709329
2992, 0.99495905709329
2993, 0.99495905709329
2994, 0.99495905709329
2995, 0.99495905709329
2996, 0.99495905709329
2997, 0.99495905709329
2998, 0.99495905709329
2999, 0.99495905709329
