0, 86.5911823415229
1, 81.4599102080072
2, 81.4599102080072
3, 81.4599102080072
4, 55.2762044222158
5, 55.2762044222158
6, 55.2762044222158
7, 55.2762044222158
8, 55.2762044222158
9, 55.2762044222158
10, 55.2762044222158
11, 50.2916592666921
12, 50.2916592666921
13, 47.2832271841644
14, 47.2832271841644
15, 47.2832271841644
16, 47.2832271841644
17, 47.2832271841644
18, 47.2832271841644
19, 47.2832271841644
20, 47.2832271841644
21, 47.2832271841644
22, 28.5461056220327
23, 28.5461056220327
24, 28.5461056220327
25, 28.5461056220327
26, 28.5461056220327
27, 28.5461056220327
28, 28.5461056220327
29, 28.5461056220327
30, 28.5461056220327
31, 28.5461056220327
32, 28.5461056220327
33, 28.5461056220327
34, 28.5461056220327
35, 28.5461056220327
36, 28.5461056220327
37, 28.5461056220327
38, 28.5461056220327
39, 28.5461056220327
40, 28.5461056220327
41, 28.5461056220327
42, 28.5461056220327
43, 28.5461056220327
44, 28.5461056220327
45, 28.5461056220327
46, 28.5461056220327
47, 28.5461056220327
48, 28.2253644811973
49, 28.2253644811973
50, 28.2253644811973
51, 28.2253644811973
52, 27.8361226645689
53, 27.7758333278134
54, 27.7758333278134
55, 27.7758333278134
56, 27.7758333278134
57, 27.7758333278134
58, 27.7758333278134
59, 27.7758333278134
60, 27.7758333278134
61, 27.7758333278134
62, 26.148716629931
63, 26.148716629931
64, 26.148716629931
65, 26.148716629931
66, 26.148716629931
67, 21.577590903729
68, 21.577590903729
69, 21.577590903729
70, 21.577590903729
71, 15.9413571107901
72, 15.9413571107901
73, 15.9413571107901
74, 15.9413571107901
75, 15.9413571107901
76, 15.9413571107901
77, 15.9413571107901
78, 15.9413571107901
79, 15.9413571107901
80, 15.9413571107901
81, 15.9413571107901
82, 15.9413571107901
83, 15.9413571107901
84, 15.9413571107901
85, 15.9413571107901
86, 15.9413571107901
87, 15.9413571107901
88, 15.9413571107901
89, 15.9413571107901
90, 15.9413571107901
91, 15.9413571107901
92, 15.9413571107901
93, 15.9413571107901
94, 15.9413571107901
95, 15.9413571107901
96, 15.9413571107901
97, 15.0976418060671
98, 15.0976418060671
99, 15.0976418060671
100, 14.5869353267102
101, 14.5869353267102
102, 14.5869353267102
103, 14.5869353267102
104, 14.5869353267102
105, 14.5869353267102
106, 13.0653636532609
107, 12.5948525215125
108, 12.0462012018405
109, 12.0462012018405
110, 12.0462012018405
111, 12.0462012018405
112, 12.0462012018405
113, 12.0462012018405
114, 11.119588434065
115, 11.119588434065
116, 10.2493303862643
117, 10.2493303862643
118, 10.2493303862643
119, 10.2493303862643
120, 10.2493303862643
121, 10.2493303862643
122, 10.2493303862643
123, 10.2493303862643
124, 10.2493303862643
125, 10.2493303862643
126, 10.2493303862643
127, 10.2493303862643
128, 10.2493303862643
129, 10.2493303862643
130, 10.2493303862643
131, 10.2493303862643
132, 10.2493303862643
133, 10.2493303862643
134, 10.2493303862643
135, 10.2493303862643
136, 10.2493303862643
137, 9.34711418577086
138, 9.34711418577086
139, 9.34711418577086
140, 9.34711418577086
141, 9.34711418577086
142, 9.34711418577086
143, 9.34711418577086
144, 9.34711418577086
145, 9.32550879071697
146, 8.93286838937405
147, 8.93286838937405
148, 8.93286838937405
149, 8.93286838937405
150, 8.93286838937405
151, 8.93286838937405
152, 8.93286838937405
153, 8.93286838937405
154, 8.93286838937405
155, 8.93286838937405
156, 8.93286838937405
157, 8.93286838937405
158, 8.41830519454955
159, 8.41830519454955
160, 8.41830519454955
161, 8.41830519454955
162, 8.08383244792617
163, 8.05245444503071
164, 7.94528477905843
165, 7.75094068955104
166, 7.51829910341343
167, 7.51829910341343
168, 7.4520786380527
169, 7.4520786380527
170, 7.40425422738791
171, 7.40259514170923
172, 7.40259514170923
173, 7.40259514170923
174, 7.40259514170923
175, 7.36051721654657
176, 7.36051721654657
177, 7.36051721654657
178, 7.11014446207192
179, 7.03578250947762
180, 7.03578250947762
181, 7.03578250947762
182, 6.9127321064053
183, 6.9127321064053
184, 6.58497703032766
185, 6.58497703032766
186, 6.58497703032766
187, 6.58497703032766
188, 6.54169990698355
189, 6.52837308316307
190, 6.52837308316307
191, 6.52837308316307
192, 6.52837308316307
193, 6.52837308316307
194, 6.47383175690102
195, 6.46507960423725
196, 6.39107990245317
197, 6.3902279712746
198, 6.3902279712746
199, 6.3902279712746
200, 5.98123856099076
201, 5.98123856099076
202, 5.5159942953008
203, 5.5159942953008
204, 5.5159942953008
205, 5.5159942953008
206, 5.46577956204705
207, 5.42590079786916
208, 5.42590079786916
209, 5.33368664357207
210, 5.33368664357207
211, 5.33368664357207
212, 5.2732227818836
213, 5.2732227818836
214, 5.26534469242661
215, 5.24942432342126
216, 5.19208159285342
217, 5.16689381117515
218, 5.14566972745921
219, 5.13177333798377
220, 5.11941958195303
221, 5.11941958195303
222, 5.11941958195303
223, 5.11941958195303
224, 5.11941958195303
225, 5.11941958195303
226, 5.11941958195303
227, 5.11941958195303
228, 5.09390542883698
229, 5.0775817248061
230, 5.0775817248061
231, 5.06776877611706
232, 5.0646278435566
233, 5.05777029785095
234, 5.05777029785095
235, 5.05526152853369
236, 5.05324399384629
237, 5.05252692733707
238, 5.05252692733707
239, 5.05252692733707
240, 5.05252692733707
241, 5.05252692733707
242, 5.04076353189531
243, 5.04076353189531
244, 5.04076353189531
245, 5.04076353189531
246, 5.04076353189531
247, 5.04076353189531
248, 5.03958546713065
249, 5.03838391487212
250, 5.03831836470915
251, 5.03697098087619
252, 5.03697098087619
253, 5.03512569242526
254, 5.03424468345945
255, 5.03337281361622
256, 5.03300979981902
257, 5.03300979981902
258, 5.03300979981902
259, 5.03300979981902
260, 5.03249694848023
261, 5.03205031207554
262, 5.03205031207554
263, 5.01567391381296
264, 5.01567391381296
265, 5.01567391381296
266, 5.01459940937732
267, 5.01459940937732
268, 5.0143124682114
269, 5.00557987401138
270, 4.99482057048866
271, 4.99316642093979
272, 4.98633466835057
273, 4.98633466835057
274, 4.98633466835057
275, 4.98633466835057
276, 4.98633466835057
277, 4.98611160791129
278, 4.98611160791129
279, 4.98611160791129
280, 4.98611160791129
281, 4.98611160791129
282, 4.981239114197
283, 4.97931948235947
284, 4.97776165478555
285, 4.97776165478555
286, 4.97627485869725
287, 4.97627485869725
288, 4.97627485869725
289, 4.97598299398915
290, 4.97598299398915
291, 4.9759591407382
292, 4.97595480938062
293, 4.97595441782689
294, 4.97521147118922
295, 4.97508133181555
296, 4.97504429928093
297, 4.97504429928093
298, 4.97504429928093
299, 4.97498152546649
300, 4.97497961294967
301, 4.97497961294967
302, 4.97496445068153
303, 4.97496445068153
304, 4.97493879680049
305, 4.97493879680049
306, 4.97493879680049
307, 4.97491895763203
308, 4.97489930695422
309, 4.97489522458943
310, 4.97489522458943
311, 4.97487564651636
312, 4.97487564651636
313, 4.97487564651636
314, 4.97487564651636
315, 4.97487564651636
316, 4.97487564651636
317, 4.97487564651636
318, 4.97484928528254
319, 4.97484548738011
320, 4.97484548738011
321, 4.97484418521676
322, 4.97484418521676
323, 4.97484418521676
324, 4.97484418521676
325, 4.97484418521676
326, 4.97484418521676
327, 4.97484418521676
328, 4.97483783398454
329, 4.97483645467131
330, 4.97483440424399
331, 4.97483440424399
332, 4.97483255972029
333, 4.97483222005185
334, 4.97482258025805
335, 4.97482222328274
336, 4.97482222328274
337, 4.97482117716304
338, 4.97482073836954
339, 4.97482054003937
340, 4.97481963445466
341, 4.97481963445466
342, 4.97481963445466
343, 4.97481963445466
344, 4.97481083597346
345, 4.9748057353396
346, 4.97480012522797
347, 4.97479852595437
348, 4.97479801415043
349, 4.97479801415043
350, 4.97479801415043
351, 4.97479763550591
352, 4.97479763550591
353, 4.9747959690883
354, 4.9747959690883
355, 4.9747959690883
356, 4.9747959690883
357, 4.9747959690883
358, 4.9747959690883
359, 4.9747959690883
360, 4.97479547155445
361, 4.97479547155445
362, 4.97479386761242
363, 4.97479386761242
364, 4.97479343424324
365, 4.97479341442066
366, 4.97479282975542
367, 4.97479282975542
368, 4.97479282975542
369, 4.97479282975542
370, 4.97479282975542
371, 4.97479282975542
372, 4.97479282975542
373, 4.97479236343458
374, 4.97479236343458
375, 4.97479236343458
376, 4.97479135707528
377, 4.97479135707528
378, 4.97479079424121
379, 4.97479077610738
380, 4.97479076286355
381, 4.97479076286355
382, 4.97479076286355
383, 4.97479076286355
384, 4.97479056900773
385, 4.97479056900773
386, 4.97479056900773
387, 4.97479056777489
388, 4.97479056777489
389, 4.97479056777489
390, 4.97479052633213
391, 4.97479052633213
392, 4.97479052633213
393, 4.97479051502066
394, 4.97479051440506
395, 4.97479051440506
396, 4.97479051440506
397, 4.97479048194294
398, 4.97479048063813
399, 4.97479048063813
400, 4.97479047082425
401, 4.97479047082425
402, 4.97479047082425
403, 4.97479047082425
404, 4.97479044707639
405, 4.97479042132953
406, 4.97479042132953
407, 4.97479042132953
408, 4.97479042132953
409, 4.97479042132953
410, 4.97479039272558
411, 4.97479039272558
412, 4.97479038804948
413, 4.97479036802804
414, 4.97479036330117
415, 4.97479036330117
416, 4.97479036133432
417, 4.97479036133432
418, 4.97479036133432
419, 4.97479036077152
420, 4.97479035495672
421, 4.97479035495672
422, 4.97479035495672
423, 4.97479034335524
424, 4.97479032787587
425, 4.97479030583348
426, 4.97479030583348
427, 4.97479030583348
428, 4.97479030583348
429, 4.97479030320949
430, 4.97479030042029
431, 4.97479028801089
432, 4.97479028801089
433, 4.97479028801089
434, 4.97479028176956
435, 4.97479028176956
436, 4.97479025938279
437, 4.97479025938279
438, 4.97479025858028
439, 4.97479025858028
440, 4.97479025835179
441, 4.97479025827435
442, 4.9747902573524
443, 4.97479025164841
444, 4.97479025164841
445, 4.97479025145829
446, 4.97479025145829
447, 4.97479025120838
448, 4.97479025120838
449, 4.97479025120838
450, 4.97479025120838
451, 4.97479025120838
452, 4.97479025114701
453, 4.97479025096083
454, 4.97479025047271
455, 4.97479024969946
456, 4.97479024967674
457, 4.97479024967674
458, 4.97479024967674
459, 4.97479024967674
460, 4.97479024967674
461, 4.97479024967674
462, 4.97479024967674
463, 4.97479024967674
464, 4.97479024962194
465, 4.97479024959325
466, 4.97479024959325
467, 4.97479024959325
468, 4.97479024954668
469, 4.97479024954668
470, 4.97479024954668
471, 4.97479024954668
472, 4.97479024948806
473, 4.97479024948806
474, 4.97479024948806
475, 4.97479024948806
476, 4.97479024948806
477, 4.97479024948806
478, 4.97479024948806
479, 4.97479024948806
480, 4.97479024948806
481, 4.97479024946449
482, 4.97479024946449
483, 4.97479024946346
484, 4.97479024946346
485, 4.97479024945519
486, 4.97479024945519
487, 4.97479024941595
488, 4.97479024933072
489, 4.97479024928005
490, 4.97479024928005
491, 4.97479024925952
492, 4.97479024925952
493, 4.97479024925755
494, 4.97479024925664
495, 4.97479024925664
496, 4.97479024925664
497, 4.97479024925662
498, 4.97479024922973
499, 4.97479024918671
500, 4.97479024918671
501, 4.97479024916961
502, 4.9747902491573
503, 4.97479024915217
504, 4.97479024915217
505, 4.97479024915217
506, 4.97479024911325
507, 4.97479024908963
508, 4.97479024901687
509, 4.9747902489839
510, 4.97479024896429
511, 4.97479024886527
512, 4.97479024872669
513, 4.97479024872669
514, 4.97479024872669
515, 4.97479024872669
516, 4.97479024849155
517, 4.97479024838652
518, 4.97479024838549
519, 4.97479024838522
520, 4.97479024838522
521, 4.97479024838027
522, 4.97479024837993
523, 4.97479024837993
524, 4.97479024837993
525, 4.97479024837578
526, 4.97479024831771
527, 4.97479024831771
528, 4.97479024831771
529, 4.97479024831771
530, 4.97479024831682
531, 4.97479024831653
532, 4.97479024831653
533, 4.97479024831653
534, 4.97479024831653
535, 4.97479024831653
536, 4.97479024831582
537, 4.97479024831582
538, 4.97479024827936
539, 4.97479024827936
540, 4.9747902482498
541, 4.97479024823983
542, 4.97479024822111
543, 4.9747902482148
544, 4.9747902482123
545, 4.97479024819122
546, 4.97479024817981
547, 4.97479024817981
548, 4.97479024815725
549, 4.97479024815725
550, 4.97479024815725
551, 4.97479024815725
552, 4.97479024815725
553, 4.97479024815725
554, 4.97479024815645
555, 4.97479024815629
556, 4.97479024815386
557, 4.97479024815298
558, 4.97479024815298
559, 4.97479024815276
560, 4.97479024815276
561, 4.97479024815272
562, 4.97479024815272
563, 4.97479024810654
564, 4.97479024808287
565, 4.97479024808287
566, 4.97479024808287
567, 4.97479024808287
568, 4.97479024806662
569, 4.97479024806662
570, 4.97479024806662
571, 4.97479024806662
572, 4.97479024806662
573, 4.97479024806662
574, 4.97479024806662
575, 4.97479024806662
576, 4.97479024805211
577, 4.97479024802471
578, 4.97479024802471
579, 4.97479024802471
580, 4.9747902479865
581, 4.9747902479681
582, 4.9747902479681
583, 4.9747902479681
584, 4.97479024793001
585, 4.97479024791262
586, 4.97479024791262
587, 4.97479024791262
588, 4.97479024791257
589, 4.97479024791251
590, 4.97479024788102
591, 4.97479024786687
592, 4.97479024784348
593, 4.97479024780054
594, 4.97479024777659
595, 4.97479024773009
596, 4.97479024771107
597, 4.97479024767151
598, 4.97479024765613
599, 4.9747902476541
600, 4.97479024765383
601, 4.97479024765364
602, 4.97479024765364
603, 4.97479024765364
604, 4.97479024765262
605, 4.97479024765221
606, 4.97479024765221
607, 4.97479024765221
608, 4.97479024765221
609, 4.97479024765221
610, 4.97479024765221
611, 4.97479024765221
612, 4.97479024765221
613, 4.97479024765221
614, 4.97479024765221
615, 4.97479024765221
616, 4.97479024765221
617, 4.97479024765221
618, 4.97479024765221
619, 4.97479024765216
620, 4.9747902476521
621, 4.9747902476521
622, 4.9747902476521
623, 4.97479024765203
624, 4.97479024765203
625, 4.97479024765203
626, 4.974790247652
627, 4.97479024765177
628, 4.97479024765162
629, 4.97479024765162
630, 4.97479024765162
631, 4.97479024765162
632, 4.97479024765153
633, 4.97479024765153
634, 4.97479024765153
635, 4.97479024765153
636, 4.97479024765153
637, 4.97479024765153
638, 4.97479024765153
639, 4.97479024765147
640, 4.97479024765142
641, 4.97479024765142
642, 4.97479024765142
643, 4.97479024765141
644, 4.97479024765141
645, 4.97479024765141
646, 4.97479024765141
647, 4.9747902476514
648, 4.9747902476514
649, 4.9747902476514
650, 4.9747902476514
651, 4.97479024765137
652, 4.97479024765136
653, 4.97479024765134
654, 4.97479024765132
655, 4.97479024765132
656, 4.97479024765132
657, 4.97479024765132
658, 4.97479024765132
659, 4.97479024765131
660, 4.97479024765131
661, 4.97479024765128
662, 4.97479024765128
663, 4.97479024765128
664, 4.97479024765127
665, 4.97479024765112
666, 4.97479024765095
667, 4.9747902476509
668, 4.9747902476509
669, 4.97479024765089
670, 4.97479024765078
671, 4.97479024765078
672, 4.97479024765078
673, 4.97479024765053
674, 4.97479024765031
675, 4.97479024765021
676, 4.97479024765018
677, 4.97479024765018
678, 4.97479024765018
679, 4.97479024765018
680, 4.97479024765018
681, 4.97479024765018
682, 4.97479024765018
683, 4.97479024765018
684, 4.97479024765012
685, 4.97479024765002
686, 4.97479024765002
687, 4.97479024765002
688, 4.97479024765001
689, 4.97479024765001
690, 4.97479024765001
691, 4.97479024765001
692, 4.97479024764991
693, 4.97479024764991
694, 4.97479024764982
695, 4.97479024764982
696, 4.97479024764966
697, 4.97479024764958
698, 4.97479024764954
699, 4.97479024764954
700, 4.97479024764954
701, 4.97479024764954
702, 4.97479024764954
703, 4.9747902476494
704, 4.97479024764934
705, 4.97479024764923
706, 4.97479024764918
707, 4.97479024764918
708, 4.97479024764918
709, 4.97479024764918
710, 4.97479024764911
711, 4.97479024764911
712, 4.97479024764911
713, 4.97479024764911
714, 4.97479024764905
715, 4.97479024764904
716, 4.97479024764898
717, 4.97479024764897
718, 4.9747902476489
719, 4.97479024764889
720, 4.97479024764889
721, 4.97479024764889
722, 4.97479024764889
723, 4.97479024764889
724, 4.97479024764887
725, 4.97479024764886
726, 4.97479024764886
727, 4.97479024764886
728, 4.97479024764886
729, 4.97479024764886
730, 4.97479024764886
731, 4.97479024764886
732, 4.97479024764885
733, 4.97479024764884
734, 4.97479024764882
735, 4.97479024764881
736, 4.97479024764881
737, 4.97479024764881
738, 4.97479024764881
739, 4.97479024764881
740, 4.97479024764876
741, 4.9747902476487
742, 4.9747902476487
743, 4.97479024764866
744, 4.97479024764864
745, 4.97479024764863
746, 4.97479024764863
747, 4.97479024764863
748, 4.97479024764863
749, 4.97479024764859
750, 4.97479024764859
751, 4.97479024764859
752, 4.97479024764859
753, 4.97479024764859
754, 4.97479024764859
755, 4.97479024764859
756, 4.97479024764855
757, 4.97479024764855
758, 4.97479024764855
759, 4.97479024764855
760, 4.97479024764855
761, 4.97479024764855
762, 4.97479024764855
763, 4.97479024764855
764, 4.97479024764855
765, 4.97479024764855
766, 4.97479024764855
767, 4.97479024764855
768, 4.97479024764854
769, 4.97479024764854
770, 4.97479024764854
771, 4.97479024764853
772, 4.97479024764852
773, 4.97479024764852
774, 4.97479024764852
775, 4.97479024764852
776, 4.97479024764852
777, 4.97479024764852
778, 4.97479024764852
779, 4.97479024764851
780, 4.97479024764851
781, 4.97479024764851
782, 4.97479024764851
783, 4.97479024764851
784, 4.97479024764851
785, 4.97479024764851
786, 4.97479024764849
787, 4.97479024764848
788, 4.97479024764848
789, 4.97479024764848
790, 4.97479024764845
791, 4.97479024764845
792, 4.97479024764843
793, 4.97479024764842
794, 4.97479024764842
795, 4.97479024764842
796, 4.9747902476484
797, 4.97479024764836
798, 4.97479024764833
799, 4.97479024764833
800, 4.97479024764833
801, 4.97479024764833
802, 4.9747902476483
803, 4.97479024764828
804, 4.97479024764823
805, 4.9747902476482
806, 4.9747902476482
807, 4.9747902476482
808, 4.9747902476482
809, 4.97479024764818
810, 4.97479024764817
811, 4.97479024764817
812, 4.97479024764817
813, 4.97479024764817
814, 4.97479024764817
815, 4.97479024764811
816, 4.97479024764809
817, 4.97479024764809
818, 4.97479024764809
819, 4.97479024764809
820, 4.97479024764809
821, 4.97479024764809
822, 4.97479024764809
823, 4.97479024764809
824, 4.97479024764809
825, 4.97479024764809
826, 4.97479024764808
827, 4.97479024764806
828, 4.97479024764805
829, 4.97479024764805
830, 4.97479024764805
831, 4.97479024764805
832, 4.97479024764805
833, 4.97479024764805
834, 4.97479024764805
835, 4.97479024764805
836, 4.97479024764805
837, 4.97479024764805
838, 4.97479024764805
839, 4.97479024764805
840, 4.97479024764802
841, 4.97479024764801
842, 4.974790247648
843, 4.974790247648
844, 4.974790247648
845, 4.974790247648
846, 4.974790247648
847, 4.974790247648
848, 4.974790247648
849, 4.974790247648
850, 4.974790247648
851, 4.974790247648
852, 4.974790247648
853, 4.974790247648
854, 4.974790247648
855, 4.974790247648
856, 4.974790247648
857, 4.974790247648
858, 4.974790247648
859, 4.974790247648
860, 4.974790247648
861, 4.974790247648
862, 4.974790247648
863, 4.974790247648
864, 4.974790247648
865, 4.974790247648
866, 4.974790247648
867, 4.97479024764798
868, 4.97479024764798
869, 4.97479024764798
870, 4.97479024764798
871, 4.97479024764798
872, 4.97479024764798
873, 4.97479024764798
874, 4.97479024764797
875, 4.97479024764797
876, 4.97479024764797
877, 4.97479024764797
878, 4.97479024764797
879, 4.97479024764797
880, 4.97479024764797
881, 4.97479024764797
882, 4.97479024764797
883, 4.97479024764797
884, 4.97479024764796
885, 4.97479024764796
886, 4.97479024764795
887, 4.97479024764795
888, 4.97479024764795
889, 4.97479024764794
890, 4.97479024764794
891, 4.97479024764794
892, 4.97479024764793
893, 4.97479024764793
894, 4.97479024764793
895, 4.97479024764793
896, 4.97479024764793
897, 4.97479024764793
898, 4.97479024764793
899, 4.97479024764793
900, 4.97479024764793
901, 4.97479024764793
902, 4.97479024764793
903, 4.97479024764793
904, 4.97479024764793
905, 4.97479024764793
906, 4.97479024764793
907, 4.97479024764793
908, 4.97479024764793
909, 4.97479024764793
910, 4.97479024764793
911, 4.97479024764792
912, 4.97479024764792
913, 4.97479024764792
914, 4.97479024764792
915, 4.97479024764792
916, 4.97479024764792
917, 4.97479024764791
918, 4.97479024764791
919, 4.97479024764791
920, 4.97479024764791
921, 4.9747902476479
922, 4.9747902476479
923, 4.9747902476479
924, 4.9747902476479
925, 4.9747902476479
926, 4.9747902476479
927, 4.9747902476479
928, 4.9747902476479
929, 4.97479024764789
930, 4.97479024764788
931, 4.97479024764788
932, 4.97479024764788
933, 4.97479024764788
934, 4.97479024764788
935, 4.97479024764788
936, 4.97479024764788
937, 4.97479024764788
938, 4.97479024764788
939, 4.97479024764788
940, 4.97479024764788
941, 4.97479024764788
942, 4.97479024764788
943, 4.97479024764788
944, 4.97479024764788
945, 4.97479024764788
946, 4.97479024764788
947, 4.97479024764788
948, 4.97479024764788
949, 4.97479024764788
950, 4.97479024764788
951, 4.97479024764788
952, 4.97479024764788
953, 4.97479024764788
954, 4.97479024764788
955, 4.97479024764788
956, 4.97479024764788
957, 4.97479024764788
958, 4.97479024764788
959, 4.97479024764788
960, 4.97479024764788
961, 4.97479024764787
962, 4.97479024764787
963, 4.97479024764787
964, 4.97479024764787
965, 4.97479024764787
966, 4.97479024764787
967, 4.97479024764787
968, 4.97479024764787
969, 4.97479024764786
970, 4.97479024764786
971, 4.97479024764786
972, 4.97479024764786
973, 4.97479024764786
974, 4.97479024764786
975, 4.97479024764786
976, 4.97479024764786
977, 4.97479024764786
978, 4.97479024764786
979, 4.97479024764786
980, 4.97479024764786
981, 4.97479024764786
982, 4.97479024764786
983, 4.97479024764786
984, 4.97479024764786
985, 4.97479024764786
986, 4.97479024764786
987, 4.97479024764786
988, 4.97479024764785
989, 4.97479024764785
990, 4.97479024764785
991, 4.97479024764785
992, 4.97479024764785
993, 4.97479024764785
994, 4.97479024764785
995, 4.97479024764785
996, 4.97479024764785
997, 4.97479024764785
998, 4.97479024764785
999, 4.97479024764785
1000, 4.97479024764785
1001, 4.97479024764785
1002, 4.97479024764785
1003, 4.97479024764785
1004, 4.97479024764785
1005, 4.97479024764785
1006, 4.97479024764785
1007, 4.97479024764785
1008, 4.97479024764785
1009, 4.97479024764785
1010, 4.97479024764785
1011, 4.97479024764785
1012, 4.97479024764785
1013, 4.97479024764784
1014, 4.97479024764784
1015, 4.97479024764784
1016, 4.97479024764784
1017, 4.97479024764784
1018, 4.97479024764784
1019, 4.97479024764784
1020, 4.97479024764784
1021, 4.97479024764784
1022, 4.97479024764784
1023, 4.97479024764784
1024, 4.97479024764784
1025, 4.97479024764784
1026, 4.97479024764784
1027, 4.97479024764784
1028, 4.97479024764784
1029, 4.97479024764784
1030, 4.97479024764784
1031, 4.97479024764784
1032, 4.97479024764784
1033, 4.97479024764784
1034, 4.97479024764784
1035, 4.97479024764784
1036, 4.97479024764784
1037, 4.97479024764784
1038, 4.97479024764784
1039, 4.97479024764784
1040, 4.97479024764784
1041, 4.97479024764784
1042, 4.97479024764784
1043, 4.97479024764784
1044, 4.97479024764784
1045, 4.97479024764784
1046, 4.97479024764784
1047, 4.97479024764784
1048, 4.97479024764784
1049, 4.97479024764784
1050, 4.97479024764784
1051, 4.97479024764784
1052, 4.97479024764784
1053, 4.97479024764784
1054, 4.97479024764784
1055, 4.97479024764784
1056, 4.97479024764784
1057, 4.97479024764784
1058, 4.97479024764784
1059, 4.97479024764784
1060, 4.97479024764784
1061, 4.97479024764784
1062, 4.97479024764784
1063, 4.97479024764784
1064, 4.97479024764784
1065, 4.97479024764784
1066, 4.97479024764784
1067, 4.97479024764784
1068, 4.97479024764784
1069, 4.97479024764784
1070, 4.97479024764784
1071, 4.97479024764784
1072, 4.97479024764784
1073, 4.97479024764784
1074, 4.97479024764784
1075, 4.97479024764784
1076, 4.97479024764784
1077, 4.97479024764784
1078, 4.97479024764784
1079, 4.97479024764784
1080, 4.97479024764784
1081, 4.97479024764784
1082, 4.97479024764784
1083, 4.97479024764784
1084, 4.97479024764784
1085, 4.97479024764784
1086, 4.97479024764784
1087, 4.97479024764784
1088, 4.97479024764784
1089, 4.97479024764784
1090, 4.97479024764784
1091, 4.97479024764784
1092, 4.97479024764784
1093, 4.97479024764784
1094, 4.97479024764784
1095, 4.97479024764784
1096, 4.97479024764784
1097, 4.97479024764784
1098, 4.97479024764784
1099, 4.97479024764784
1100, 4.97479024764784
1101, 4.97479024764784
1102, 4.97479024764784
1103, 4.97479024764784
1104, 4.97479024764784
1105, 4.97479024764784
1106, 4.97479024764784
1107, 4.97479024764784
1108, 4.97479024764784
1109, 4.97479024764784
1110, 4.97479024764784
1111, 4.97479024764784
1112, 4.97479024764784
1113, 4.97479024764784
1114, 4.97479024764784
1115, 4.97479024764784
1116, 4.97479024764784
1117, 4.97479024764784
1118, 4.97479024764784
1119, 4.97479024764784
1120, 4.97479024764784
1121, 4.97479024764784
1122, 4.97479024764784
1123, 4.97479024764784
1124, 4.97479024764784
1125, 4.97479024764784
1126, 4.97479024764784
1127, 4.97479024764784
1128, 4.97479024764784
1129, 4.97479024764784
1130, 4.97479024764784
1131, 4.97479024764784
1132, 4.97479024764784
1133, 4.97479024764784
1134, 4.97479024764784
1135, 4.97479024764784
1136, 4.97479024764784
1137, 4.97479024764784
1138, 4.97479024764784
1139, 4.97479024764784
1140, 4.97479024764784
1141, 4.97479024764784
1142, 4.97479024764784
1143, 4.97479024764784
1144, 4.97479024764784
1145, 4.97479024764784
1146, 4.97479024764783
1147, 4.97479024764783
1148, 4.97479024764783
1149, 4.97479024764783
1150, 4.97479024764783
1151, 4.97479024764783
1152, 4.97479024764783
1153, 4.97479024764783
1154, 4.97479024764783
1155, 4.97479024764783
1156, 4.97479024764783
1157, 4.97479024764783
1158, 4.97479024764783
1159, 4.97479024764783
1160, 4.97479024764783
1161, 4.97479024764783
1162, 4.97479024764783
1163, 4.97479024764783
1164, 4.97479024764783
1165, 4.97479024764783
1166, 4.97479024764783
1167, 4.97479024764783
1168, 4.97479024764783
1169, 4.97479024764783
1170, 4.97479024764783
1171, 4.97479024764783
1172, 4.97479024764783
1173, 4.97479024764783
1174, 4.97479024764783
1175, 4.97479024764783
1176, 4.97479024764783
1177, 4.97479024764783
1178, 4.97479024764783
1179, 4.97479024764783
1180, 4.97479024764783
1181, 4.97479024764783
1182, 4.97479024764783
1183, 4.97479024764783
1184, 4.97479024764783
1185, 4.97479024764783
1186, 4.97479024764783
1187, 4.97479024764783
1188, 4.97479024764783
1189, 4.97479024764783
1190, 4.97479024764783
1191, 4.97479024764783
1192, 4.97479024764783
1193, 4.97479024764783
1194, 4.97479024764783
1195, 4.97479024764783
1196, 4.97479024764783
1197, 4.97479024764783
1198, 4.97479024764783
1199, 4.97479024764783
1200, 4.97479024764783
1201, 4.97479024764783
1202, 4.97479024764783
1203, 4.97479024764783
1204, 4.97479024764783
1205, 4.97479024764783
1206, 4.97479024764783
1207, 4.97479024764783
1208, 4.97479024764783
1209, 4.97479024764783
1210, 4.97479024764783
1211, 4.97479024764783
1212, 4.97479024764783
1213, 4.97479024764783
1214, 4.97479024764783
1215, 4.97479024764783
1216, 4.97479024764783
1217, 4.97479024764783
1218, 4.97479024764783
1219, 4.97479024764783
1220, 4.97479024764783
1221, 4.97479024764783
1222, 4.97479024764783
1223, 4.97479024764783
1224, 4.97479024764783
1225, 4.97479024764783
1226, 4.97479024764783
1227, 4.97479024764783
1228, 4.97479024764783
1229, 4.97479024764783
1230, 4.97479024764783
1231, 4.97479024764783
1232, 4.97479024764783
1233, 4.97479024764783
1234, 4.97479024764783
1235, 4.97479024764783
1236, 4.97479024764783
1237, 4.97479024764783
1238, 4.97479024764783
1239, 4.97479024764783
1240, 4.97479024764783
1241, 4.97479024764783
1242, 4.97479024764783
1243, 4.97479024764783
1244, 4.97479024764783
1245, 4.97479024764783
1246, 4.97479024764783
1247, 4.97479024764783
1248, 4.97479024764783
1249, 4.97479024764783
1250, 4.97479024764783
1251, 4.97479024764783
1252, 4.97479024764783
1253, 4.97479024764783
1254, 4.97479024764783
1255, 4.97479024764783
1256, 4.97479024764783
1257, 4.97479024764783
1258, 4.97479024764783
1259, 4.97479024764783
1260, 4.97479024764783
1261, 4.97479024764783
1262, 4.97479024764783
1263, 4.97479024764783
1264, 4.97479024764783
1265, 4.97479024764783
1266, 4.97479024764783
1267, 4.97479024764783
1268, 4.97479024764783
1269, 4.97479024764783
1270, 4.97479024764783
1271, 4.97479024764783
1272, 4.97479024764783
1273, 4.97479024764783
1274, 4.97479024764783
1275, 4.97479024764783
1276, 4.97479024764783
1277, 4.97479024764783
1278, 4.97479024764783
1279, 4.97479024764783
1280, 4.97479024764783
1281, 4.97479024764783
1282, 4.97479024764783
1283, 4.97479024764783
1284, 4.97479024764783
1285, 4.97479024764783
1286, 4.97479024764783
1287, 4.97479024764783
1288, 4.97479024764783
1289, 4.97479024764783
1290, 4.97479024764783
1291, 4.97479024764783
1292, 4.97479024764783
1293, 4.97479024764783
1294, 4.97479024764783
1295, 4.97479024764783
1296, 4.97479024764783
1297, 4.97479024764783
1298, 4.97479024764783
1299, 4.97479024764783
1300, 4.97479024764783
1301, 4.97479024764783
1302, 4.97479024764783
1303, 4.97479024764783
1304, 4.97479024764783
1305, 4.97479024764783
1306, 4.97479024764782
1307, 4.97479024764782
1308, 4.97479024764782
1309, 4.97479024764782
1310, 4.97479024764782
1311, 4.97479024764782
1312, 4.97479024764782
1313, 4.97479024764782
1314, 4.97479024764782
1315, 4.97479024764782
1316, 4.97479024764782
1317, 4.97479024764782
1318, 4.97479024764782
1319, 4.97479024764782
1320, 4.97479024764782
1321, 4.97479024764782
1322, 4.97479024764782
1323, 4.97479024764782
1324, 4.97479024764782
1325, 4.97479024764782
1326, 4.97479024764782
1327, 4.97479024764782
1328, 4.97479024764782
1329, 4.97479024764782
1330, 4.97479024764782
1331, 4.97479024764782
1332, 4.97479024764782
1333, 4.97479024764782
1334, 4.97479024764782
1335, 4.97479024764782
1336, 4.97479024764782
1337, 4.97479024764782
1338, 4.97479024764782
1339, 4.97479024764782
1340, 4.97479024764782
1341, 4.97479024764782
1342, 4.97479024764782
1343, 4.97479024764782
1344, 4.97479024764782
1345, 4.97479024764782
1346, 4.97479024764782
1347, 4.97479024764782
1348, 4.97479024764782
1349, 4.97479024764782
1350, 4.97479024764782
1351, 4.97479024764782
1352, 4.97479024764782
1353, 4.97479024764782
1354, 4.97479024764782
1355, 4.97479024764782
1356, 4.97479024764782
1357, 4.97479024764782
1358, 4.97479024764782
1359, 4.97479024764782
1360, 4.97479024764782
1361, 4.97479024764782
1362, 4.97479024764782
1363, 4.97479024764782
1364, 4.97479024764782
1365, 4.97479024764782
1366, 4.97479024764782
1367, 4.97479024764782
1368, 4.97479024764782
1369, 4.97479024764782
1370, 4.97479024764782
1371, 4.97479024764782
1372, 4.97479024764782
1373, 4.97479024764782
1374, 4.97479024764782
1375, 4.97479024764782
1376, 4.97479024764782
1377, 4.97479024764782
1378, 4.97479024764782
1379, 4.97479024764782
1380, 4.97479024764782
1381, 4.97479024764782
1382, 4.97479024764782
1383, 4.97479024764782
1384, 4.97479024764782
1385, 4.97479024764782
1386, 4.97479024764782
1387, 4.97479024764782
1388, 4.97479024764782
1389, 4.97479024764782
1390, 4.97479024764782
1391, 4.97479024764782
1392, 4.97479024764782
1393, 4.97479024764782
1394, 4.97479024764782
1395, 4.97479024764782
1396, 4.97479024764782
1397, 4.97479024764782
1398, 4.97479024764782
1399, 4.97479024764782
1400, 4.97479024764782
1401, 4.97479024764782
1402, 4.97479024764782
1403, 4.97479024764782
1404, 4.97479024764782
1405, 4.97479024764782
1406, 4.97479024764782
1407, 4.97479024764782
1408, 4.97479024764782
1409, 4.97479024764782
1410, 4.97479024764782
1411, 4.97479024764782
1412, 4.97479024764782
1413, 4.97479024764782
1414, 4.97479024764782
1415, 4.97479024764782
1416, 4.97479024764782
1417, 4.97479024764782
1418, 4.97479024764782
1419, 4.97479024764782
1420, 4.97479024764782
1421, 4.97479024764782
1422, 4.97479024764782
1423, 4.97479024764782
1424, 4.97479024764782
1425, 4.97479024764782
1426, 4.97479024764782
1427, 4.97479024764782
1428, 4.97479024764782
1429, 4.97479024764782
1430, 4.97479024764782
1431, 4.97479024764782
1432, 4.97479024764782
1433, 4.97479024764782
1434, 4.97479024764782
1435, 4.97479024764782
1436, 4.97479024764782
1437, 4.97479024764782
1438, 4.97479024764782
1439, 4.97479024764782
1440, 4.97479024764782
1441, 4.97479024764782
1442, 4.97479024764782
1443, 4.97479024764782
1444, 4.97479024764782
1445, 4.97479024764782
1446, 4.97479024764782
1447, 4.97479024764782
1448, 4.97479024764782
1449, 4.97479024764782
1450, 4.97479024764782
1451, 4.97479024764782
1452, 4.97479024764782
1453, 4.97479024764782
1454, 4.97479024764782
1455, 4.97479024764782
1456, 4.97479024764782
1457, 4.97479024764782
1458, 4.97479024764782
1459, 4.97479024764782
1460, 4.97479024764782
1461, 4.97479024764782
1462, 4.97479024764782
1463, 4.97479024764782
1464, 4.97479024764782
1465, 4.97479024764782
1466, 4.97479024764782
1467, 4.97479024764782
1468, 4.97479024764782
1469, 4.97479024764782
1470, 4.97479024764782
1471, 4.97479024764782
1472, 4.97479024764782
1473, 4.97479024764782
1474, 4.97479024764782
1475, 4.97479024764782
1476, 4.97479024764782
1477, 4.97479024764782
1478, 4.97479024764782
1479, 4.97479024764782
1480, 4.97479024764782
1481, 4.97479024764782
1482, 4.97479024764782
1483, 4.97479024764782
1484, 4.97479024764782
1485, 4.97479024764782
1486, 4.97479024764782
1487, 4.97479024764782
1488, 4.97479024764782
1489, 4.97479024764782
1490, 4.97479024764782
1491, 4.97479024764782
1492, 4.97479024764782
1493, 4.97479024764782
1494, 4.97479024764782
1495, 4.97479024764782
1496, 4.97479024764782
1497, 4.97479024764782
1498, 4.97479024764782
1499, 4.97479024764782
1500, 4.97479024764782
1501, 4.97479024764782
1502, 4.97479024764782
1503, 4.97479024764782
1504, 4.97479024764782
1505, 4.97479024764782
1506, 4.97479024764782
1507, 4.97479024764782
1508, 4.97479024764782
1509, 4.97479024764782
1510, 4.97479024764782
1511, 4.97479024764782
1512, 4.97479024764782
1513, 4.97479024764782
1514, 4.97479024764782
1515, 4.97479024764782
1516, 4.97479024764782
1517, 4.97479024764782
1518, 4.97479024764782
1519, 4.97479024764782
1520, 4.97479024764782
1521, 4.97479024764782
1522, 4.97479024764782
1523, 4.97479024764782
1524, 4.97479024764782
1525, 4.97479024764782
1526, 4.97479024764782
1527, 4.97479024764782
1528, 4.97479024764782
1529, 4.97479024764782
1530, 4.97479024764782
1531, 4.97479024764782
1532, 4.97479024764782
1533, 4.97479024764782
1534, 4.97479024764782
1535, 4.97479024764782
1536, 4.97479024764782
1537, 4.97479024764782
1538, 4.97479024764782
1539, 4.97479024764782
1540, 4.97479024764782
1541, 4.97479024764782
1542, 4.97479024764782
1543, 4.97479024764782
1544, 4.97479024764782
1545, 4.97479024764782
1546, 4.97479024764782
1547, 4.97479024764782
1548, 4.97479024764782
1549, 4.97479024764782
1550, 4.97479024764782
1551, 4.97479024764782
1552, 4.97479024764782
1553, 4.97479024764782
1554, 4.97479024764782
1555, 4.97479024764782
1556, 4.97479024764782
1557, 4.97479024764782
1558, 4.97479024764782
1559, 4.97479024764782
1560, 4.97479024764782
1561, 4.97479024764782
1562, 4.97479024764782
1563, 4.97479024764782
1564, 4.97479024764782
1565, 4.97479024764782
1566, 4.97479024764782
1567, 4.97479024764782
1568, 4.97479024764782
1569, 4.97479024764782
1570, 4.97479024764782
1571, 4.97479024764782
1572, 4.97479024764782
1573, 4.97479024764782
1574, 4.97479024764782
1575, 4.97479024764782
1576, 4.97479024764782
1577, 4.97479024764782
1578, 4.97479024764782
1579, 4.97479024764782
1580, 4.97479024764782
1581, 4.97479024764782
1582, 4.97479024764782
1583, 4.97479024764782
1584, 4.97479024764782
1585, 4.97479024764782
1586, 4.97479024764782
1587, 4.97479024764782
1588, 4.97479024764782
1589, 4.97479024764782
1590, 4.97479024764782
1591, 4.97479024764782
1592, 4.97479024764782
1593, 4.97479024764782
1594, 4.97479024764782
1595, 4.97479024764782
1596, 4.97479024764782
1597, 4.97479024764782
1598, 4.97479024764782
1599, 4.97479024764782
1600, 4.97479024764782
1601, 4.97479024764782
1602, 4.97479024764782
1603, 4.97479024764782
1604, 4.97479024764782
1605, 4.97479024764782
1606, 4.97479024764782
1607, 4.97479024764782
1608, 4.97479024764782
1609, 4.97479024764782
1610, 4.97479024764782
1611, 4.97479024764782
1612, 4.97479024764782
1613, 4.97479024764782
1614, 4.97479024764782
1615, 4.97479024764782
1616, 4.97479024764782
1617, 4.97479024764782
1618, 4.97479024764782
1619, 4.97479024764782
1620, 4.97479024764782
1621, 4.97479024764782
1622, 4.97479024764782
1623, 4.97479024764782
1624, 4.97479024764782
1625, 4.97479024764782
1626, 4.97479024764782
1627, 4.97479024764782
1628, 4.97479024764782
1629, 4.97479024764782
1630, 4.97479024764782
1631, 4.97479024764782
1632, 4.97479024764782
1633, 4.97479024764782
1634, 4.97479024764782
1635, 4.97479024764782
1636, 4.97479024764782
1637, 4.97479024764782
1638, 4.97479024764782
1639, 4.97479024764782
1640, 4.97479024764782
1641, 4.97479024764782
1642, 4.97479024764782
1643, 4.97479024764782
1644, 4.97479024764782
1645, 4.97479024764782
1646, 4.97479024764782
1647, 4.97479024764782
1648, 4.97479024764782
1649, 4.97479024764782
1650, 4.97479024764782
1651, 4.97479024764782
1652, 4.97479024764782
1653, 4.97479024764782
1654, 4.97479024764782
1655, 4.97479024764782
1656, 4.97479024764782
1657, 4.97479024764782
1658, 4.97479024764782
1659, 4.97479024764782
1660, 4.97479024764782
1661, 4.97479024764782
1662, 4.97479024764782
1663, 4.97479024764782
1664, 4.97479024764782
1665, 4.97479024764782
1666, 4.97479024764782
1667, 4.97479024764782
1668, 4.97479024764782
1669, 4.97479024764782
1670, 4.97479024764782
1671, 4.97479024764782
1672, 4.97479024764782
1673, 4.97479024764782
1674, 4.97479024764782
1675, 4.97479024764782
1676, 4.97479024764782
1677, 4.97479024764782
1678, 4.97479024764782
1679, 4.97479024764782
1680, 4.97479024764782
1681, 4.97479024764782
1682, 4.97479024764782
1683, 4.97479024764782
1684, 4.97479024764782
1685, 4.97479024764782
1686, 4.97479024764782
1687, 4.97479024764782
1688, 4.97479024764782
1689, 4.97479024764782
1690, 4.97479024764782
1691, 4.97479024764782
1692, 4.97479024764782
1693, 4.97479024764782
1694, 4.97479024764782
1695, 4.97479024764782
1696, 4.97479024764782
1697, 4.97479024764782
1698, 4.97479024764782
1699, 4.97479024764782
1700, 4.97479024764782
1701, 4.97479024764782
1702, 4.97479024764782
1703, 4.97479024764782
1704, 4.97479024764782
1705, 4.97479024764782
1706, 4.97479024764782
1707, 4.97479024764782
1708, 4.97479024764782
1709, 4.97479024764782
1710, 4.97479024764782
1711, 4.97479024764782
1712, 4.97479024764782
1713, 4.97479024764782
1714, 4.97479024764782
1715, 4.97479024764782
1716, 4.97479024764782
1717, 4.97479024764782
1718, 4.97479024764782
1719, 4.97479024764782
1720, 4.97479024764782
1721, 4.97479024764782
1722, 4.97479024764782
1723, 4.97479024764782
1724, 4.97479024764782
1725, 4.97479024764782
1726, 4.97479024764782
1727, 4.97479024764782
1728, 4.97479024764782
1729, 4.97479024764782
1730, 4.97479024764782
1731, 4.97479024764782
1732, 4.97479024764782
1733, 4.97479024764782
1734, 4.97479024764782
1735, 4.97479024764782
1736, 4.97479024764782
1737, 4.97479024764782
1738, 4.97479024764782
1739, 4.97479024764782
1740, 4.97479024764782
1741, 4.97479024764782
1742, 4.97479024764782
1743, 4.97479024764782
1744, 4.97479024764782
1745, 4.97479024764782
1746, 4.97479024764782
1747, 4.97479024764782
1748, 4.97479024764782
1749, 4.97479024764782
1750, 4.97479024764782
1751, 4.97479024764782
1752, 4.97479024764782
1753, 4.97479024764782
1754, 4.97479024764782
1755, 4.97479024764782
1756, 4.97479024764782
1757, 4.97479024764782
1758, 4.97479024764782
1759, 4.97479024764782
1760, 4.97479024764782
1761, 4.97479024764782
1762, 4.97479024764782
1763, 4.97479024764782
1764, 4.97479024764782
1765, 4.97479024764782
1766, 4.97479024764782
1767, 4.97479024764782
1768, 4.97479024764782
1769, 4.97479024764782
1770, 4.97479024764782
1771, 4.97479024764782
1772, 4.97479024764782
1773, 4.97479024764782
1774, 4.97479024764782
1775, 4.97479024764782
1776, 4.97479024764782
1777, 4.97479024764782
1778, 4.97479024764782
1779, 4.97479024764782
1780, 4.97479024764782
1781, 4.97479024764782
1782, 4.97479024764782
1783, 4.97479024764782
1784, 4.97479024764782
1785, 4.97479024764782
1786, 4.97479024764782
1787, 4.97479024764782
1788, 4.97479024764782
1789, 4.97479024764782
1790, 4.97479024764782
1791, 4.97479024764782
1792, 4.97479024764782
1793, 4.97479024764782
1794, 4.97479024764782
1795, 4.97479024764782
1796, 4.97479024764782
1797, 4.97479024764782
1798, 4.97479024764782
1799, 4.97479024764782
1800, 4.97479024764782
1801, 4.97479024764782
1802, 4.97479024764782
1803, 4.97479024764782
1804, 4.97479024764782
1805, 4.97479024764782
1806, 4.97479024764782
1807, 4.97479024764782
1808, 4.97479024764782
1809, 4.97479024764782
1810, 4.97479024764782
1811, 4.97479024764782
1812, 4.97479024764782
1813, 4.97479024764782
1814, 4.97479024764782
1815, 4.97479024764782
1816, 4.97479024764782
1817, 4.97479024764782
1818, 4.97479024764782
1819, 4.97479024764782
1820, 4.97479024764782
1821, 4.97479024764782
1822, 4.97479024764782
1823, 4.97479024764782
1824, 4.97479024764782
1825, 4.97479024764782
1826, 4.97479024764782
1827, 4.97479024764782
1828, 4.97479024764782
1829, 4.97479024764782
1830, 4.97479024764782
1831, 4.97479024764782
1832, 4.97479024764782
1833, 4.97479024764782
1834, 4.97479024764782
1835, 4.97479024764782
1836, 4.97479024764782
1837, 4.97479024764782
1838, 4.97479024764782
1839, 4.97479024764782
1840, 4.97479024764782
1841, 4.97479024764782
1842, 4.97479024764782
1843, 4.97479024764782
1844, 4.97479024764782
1845, 4.97479024764782
1846, 4.97479024764782
1847, 4.97479024764782
1848, 4.97479024764782
1849, 4.97479024764782
1850, 4.97479024764782
1851, 4.97479024764782
1852, 4.97479024764782
1853, 4.97479024764782
1854, 4.97479024764782
1855, 4.97479024764782
1856, 4.97479024764782
1857, 4.97479024764782
1858, 4.97479024764782
1859, 4.97479024764782
1860, 4.97479024764782
1861, 4.97479024764782
1862, 4.97479024764782
1863, 4.97479024764782
1864, 4.97479024764782
1865, 4.97479024764782
1866, 4.97479024764782
1867, 4.97479024764782
1868, 4.97479024764782
1869, 4.97479024764782
1870, 4.97479024764782
1871, 4.97479024764782
1872, 4.97479024764782
1873, 4.97479024764782
1874, 4.97479024764782
1875, 4.97479024764782
1876, 4.97479024764782
1877, 4.97479024764782
1878, 4.97479024764782
1879, 4.97479024764782
1880, 4.97479024764782
1881, 4.97479024764782
1882, 4.97479024764782
1883, 4.97479024764782
1884, 4.97479024764782
1885, 4.97479024764782
1886, 4.97479024764782
1887, 4.97479024764782
1888, 4.97479024764782
1889, 4.97479024764782
1890, 4.97479024764782
1891, 4.97479024764782
1892, 4.97479024764782
1893, 4.97479024764782
1894, 4.97479024764782
1895, 4.97479024764782
1896, 4.97479024764782
1897, 4.97479024764782
1898, 4.97479024764782
1899, 4.97479024764782
1900, 4.97479024764782
1901, 4.97479024764782
1902, 4.97479024764782
1903, 4.97479024764782
1904, 4.97479024764782
1905, 4.97479024764782
1906, 4.97479024764782
1907, 4.97479024764782
1908, 4.97479024764782
1909, 4.97479024764782
1910, 4.97479024764782
1911, 4.97479024764782
1912, 4.97479024764782
1913, 4.97479024764782
1914, 4.97479024764782
1915, 4.97479024764782
1916, 4.97479024764782
1917, 4.97479024764782
1918, 4.97479024764782
1919, 4.97479024764782
1920, 4.97479024764782
1921, 4.97479024764782
1922, 4.97479024764782
1923, 4.97479024764782
1924, 4.97479024764782
1925, 4.97479024764782
1926, 4.97479024764782
1927, 4.97479024764782
1928, 4.97479024764782
1929, 4.97479024764782
1930, 4.97479024764782
1931, 4.97479024764782
1932, 4.97479024764782
1933, 4.97479024764782
1934, 4.97479024764782
1935, 4.97479024764782
1936, 4.97479024764782
1937, 4.97479024764782
1938, 4.97479024764782
1939, 4.97479024764782
1940, 4.97479024764782
1941, 4.97479024764782
1942, 4.97479024764782
1943, 4.97479024764782
1944, 4.97479024764782
1945, 4.97479024764782
1946, 4.97479024764782
1947, 4.97479024764782
1948, 4.97479024764782
1949, 4.97479024764782
1950, 4.97479024764782
1951, 4.97479024764782
1952, 4.97479024764782
1953, 4.97479024764782
1954, 4.97479024764782
1955, 4.97479024764782
1956, 4.97479024764782
1957, 4.97479024764782
1958, 4.97479024764782
1959, 4.97479024764782
1960, 4.97479024764782
1961, 4.97479024764782
1962, 4.97479024764782
1963, 4.97479024764782
1964, 4.97479024764782
1965, 4.97479024764782
1966, 4.97479024764782
1967, 4.97479024764782
1968, 4.97479024764782
1969, 4.97479024764782
1970, 4.97479024764782
1971, 4.97479024764782
1972, 4.97479024764782
1973, 4.97479024764782
1974, 4.97479024764782
1975, 4.97479024764782
1976, 4.97479024764782
1977, 4.97479024764782
1978, 4.97479024764782
1979, 4.97479024764782
1980, 4.97479024764782
1981, 4.97479024764782
1982, 4.97479024764782
1983, 4.97479024764782
1984, 4.97479024764782
1985, 4.97479024764782
1986, 4.97479024764782
1987, 4.97479024764782
1988, 4.97479024764782
1989, 4.97479024764782
1990, 4.97479024764782
1991, 4.97479024764782
1992, 4.97479024764782
1993, 4.97479024764782
1994, 4.97479024764782
1995, 4.97479024764782
1996, 4.97479024764782
1997, 4.97479024764782
1998, 4.97479024764782
1999, 4.97479024764782
2000, 4.97479024764782
2001, 4.97479024764782
2002, 4.97479024764782
2003, 4.97479024764782
2004, 4.97479024764782
2005, 4.97479024764782
2006, 4.97479024764782
2007, 4.97479024764782
2008, 4.97479024764782
2009, 4.97479024764782
2010, 4.97479024764782
2011, 4.97479024764782
2012, 4.97479024764782
2013, 4.97479024764782
2014, 4.97479024764782
2015, 4.97479024764782
2016, 4.97479024764782
2017, 4.97479024764782
2018, 4.97479024764782
2019, 4.97479024764782
2020, 4.97479024764782
2021, 4.97479024764782
2022, 4.97479024764782
2023, 4.97479024764782
2024, 4.97479024764782
2025, 4.97479024764782
2026, 4.97479024764782
2027, 4.97479024764782
2028, 4.97479024764782
2029, 4.97479024764782
2030, 4.97479024764782
2031, 4.97479024764782
2032, 4.97479024764782
2033, 4.97479024764782
2034, 4.97479024764782
2035, 4.97479024764782
2036, 4.97479024764782
2037, 4.97479024764782
2038, 4.97479024764782
2039, 4.97479024764782
2040, 4.97479024764782
2041, 4.97479024764782
2042, 4.97479024764782
2043, 4.97479024764782
2044, 4.97479024764782
2045, 4.97479024764782
2046, 4.97479024764782
2047, 4.97479024764782
2048, 4.97479024764782
2049, 4.97479024764782
2050, 4.97479024764782
2051, 4.97479024764782
2052, 4.97479024764782
2053, 4.97479024764782
2054, 4.97479024764782
2055, 4.97479024764782
2056, 4.97479024764782
2057, 4.97479024764782
2058, 4.97479024764782
2059, 4.97479024764782
2060, 4.97479024764782
2061, 4.97479024764782
2062, 4.97479024764782
2063, 4.97479024764782
2064, 4.97479024764782
2065, 4.97479024764782
2066, 4.97479024764782
2067, 4.97479024764782
2068, 4.97479024764782
2069, 4.97479024764782
2070, 4.97479024764782
2071, 4.97479024764782
2072, 4.97479024764782
2073, 4.97479024764782
2074, 4.97479024764782
2075, 4.97479024764782
2076, 4.97479024764782
2077, 4.97479024764782
2078, 4.97479024764782
2079, 4.97479024764782
2080, 4.97479024764782
2081, 4.97479024764782
2082, 4.97479024764782
2083, 4.97479024764782
2084, 4.97479024764782
2085, 4.97479024764782
2086, 4.97479024764782
2087, 4.97479024764782
2088, 4.97479024764782
2089, 4.97479024764782
2090, 4.97479024764782
2091, 4.97479024764782
2092, 4.97479024764782
2093, 4.97479024764782
2094, 4.97479024764782
2095, 4.97479024764782
2096, 4.97479024764782
2097, 4.97479024764782
2098, 4.97479024764782
2099, 4.97479024764782
2100, 4.97479024764782
2101, 4.97479024764782
2102, 4.97479024764782
2103, 4.97479024764782
2104, 4.97479024764782
2105, 4.97479024764782
2106, 4.97479024764782
2107, 4.97479024764782
2108, 4.97479024764782
2109, 4.97479024764782
2110, 4.97479024764782
2111, 4.97479024764782
2112, 4.97479024764782
2113, 4.97479024764782
2114, 4.97479024764782
2115, 4.97479024764782
2116, 4.97479024764782
2117, 4.97479024764782
2118, 4.97479024764782
2119, 4.97479024764782
2120, 4.97479024764782
2121, 4.97479024764782
2122, 4.97479024764782
2123, 4.97479024764782
2124, 4.97479024764782
2125, 4.97479024764782
2126, 4.97479024764782
2127, 4.97479024764782
2128, 4.97479024764782
2129, 4.97479024764782
2130, 4.97479024764782
2131, 4.97479024764782
2132, 4.97479024764782
2133, 4.97479024764782
2134, 4.97479024764782
2135, 4.97479024764782
2136, 4.97479024764782
2137, 4.97479024764782
2138, 4.97479024764782
2139, 4.97479024764782
2140, 4.97479024764782
2141, 4.97479024764782
2142, 4.97479024764782
2143, 4.97479024764782
2144, 4.97479024764782
2145, 4.97479024764782
2146, 4.97479024764782
2147, 4.97479024764782
2148, 4.97479024764782
2149, 4.97479024764782
2150, 4.97479024764782
2151, 4.97479024764782
2152, 4.97479024764782
2153, 4.97479024764782
2154, 4.97479024764782
2155, 4.97479024764782
2156, 4.97479024764782
2157, 4.97479024764782
2158, 4.97479024764782
2159, 4.97479024764782
2160, 4.97479024764782
2161, 4.97479024764782
2162, 4.97479024764782
2163, 4.97479024764782
2164, 4.97479024764782
2165, 4.97479024764782
2166, 4.97479024764782
2167, 4.97479024764782
2168, 4.97479024764782
2169, 4.97479024764782
2170, 4.97479024764782
2171, 4.97479024764782
2172, 4.97479024764782
2173, 4.97479024764782
2174, 4.97479024764782
2175, 4.97479024764782
2176, 4.97479024764782
2177, 4.97479024764782
2178, 4.97479024764782
2179, 4.97479024764782
2180, 4.97479024764782
2181, 4.97479024764782
2182, 4.97479024764782
2183, 4.97479024764782
2184, 4.97479024764782
2185, 4.97479024764782
2186, 4.97479024764782
2187, 4.97479024764782
2188, 4.97479024764782
2189, 4.97479024764782
2190, 4.97479024764782
2191, 4.97479024764782
2192, 4.97479024764782
2193, 4.97479024764782
2194, 4.97479024764782
2195, 4.97479024764782
2196, 4.97479024764782
2197, 4.97479024764782
2198, 4.97479024764782
2199, 4.97479024764782
2200, 4.97479024764782
2201, 4.97479024764782
2202, 4.97479024764782
2203, 4.97479024764782
2204, 4.97479024764782
2205, 4.97479024764782
2206, 4.97479024764782
2207, 4.97479024764782
2208, 4.97479024764782
2209, 4.97479024764782
2210, 4.97479024764782
2211, 4.97479024764782
2212, 4.97479024764782
2213, 4.97479024764782
2214, 4.97479024764782
2215, 4.97479024764782
2216, 4.97479024764782
2217, 4.97479024764782
2218, 4.97479024764782
2219, 4.97479024764782
2220, 4.97479024764782
2221, 4.97479024764782
2222, 4.97479024764782
2223, 4.97479024764782
2224, 4.97479024764782
2225, 4.97479024764782
2226, 4.97479024764782
2227, 4.97479024764782
2228, 4.97479024764782
2229, 4.97479024764782
2230, 4.97479024764782
2231, 4.97479024764782
2232, 4.97479024764782
2233, 4.97479024764782
2234, 4.97479024764782
2235, 4.97479024764782
2236, 4.97479024764782
2237, 4.97479024764782
2238, 4.97479024764782
2239, 4.97479024764782
2240, 4.97479024764782
2241, 4.97479024764782
2242, 4.97479024764782
2243, 4.97479024764782
2244, 4.97479024764782
2245, 4.97479024764782
2246, 4.97479024764782
2247, 4.97479024764782
2248, 4.97479024764782
2249, 4.97479024764782
2250, 4.97479024764782
2251, 4.97479024764782
2252, 4.97479024764782
2253, 4.97479024764782
2254, 4.97479024764782
2255, 4.97479024764782
2256, 4.97479024764782
2257, 4.97479024764782
2258, 4.97479024764782
2259, 4.97479024764782
2260, 4.97479024764782
2261, 4.97479024764782
2262, 4.97479024764782
2263, 4.97479024764782
2264, 4.97479024764782
2265, 4.97479024764782
2266, 4.97479024764782
2267, 4.97479024764782
2268, 4.97479024764782
2269, 4.97479024764782
2270, 4.97479024764782
2271, 4.97479024764782
2272, 4.97479024764782
2273, 4.97479024764782
2274, 4.97479024764782
2275, 4.97479024764782
2276, 4.97479024764782
2277, 4.97479024764782
2278, 4.97479024764782
2279, 4.97479024764782
2280, 4.97479024764782
2281, 4.97479024764782
2282, 4.97479024764782
2283, 4.97479024764782
2284, 4.97479024764782
2285, 4.97479024764782
2286, 4.97479024764782
2287, 4.97479024764782
2288, 4.97479024764782
2289, 4.97479024764782
2290, 4.97479024764782
2291, 4.97479024764782
2292, 4.97479024764782
2293, 4.97479024764782
2294, 4.97479024764782
2295, 4.97479024764782
2296, 4.97479024764782
2297, 4.97479024764782
2298, 4.97479024764782
2299, 4.97479024764782
2300, 4.97479024764782
2301, 4.97479024764782
2302, 4.97479024764782
2303, 4.97479024764782
2304, 4.97479024764782
2305, 4.97479024764782
2306, 4.97479024764782
2307, 4.97479024764782
2308, 4.97479024764782
2309, 4.97479024764782
2310, 4.97479024764782
2311, 4.97479024764782
2312, 4.97479024764782
2313, 4.97479024764782
2314, 4.97479024764782
2315, 4.97479024764782
2316, 4.97479024764782
2317, 4.97479024764782
2318, 4.97479024764782
2319, 4.97479024764782
2320, 4.97479024764782
2321, 4.97479024764782
2322, 4.97479024764782
2323, 4.97479024764782
2324, 4.97479024764782
2325, 4.97479024764782
2326, 4.97479024764782
2327, 4.97479024764782
2328, 4.97479024764782
2329, 4.97479024764782
2330, 4.97479024764782
2331, 4.97479024764782
2332, 4.97479024764782
2333, 4.97479024764782
2334, 4.97479024764782
2335, 4.97479024764782
2336, 4.97479024764782
2337, 4.97479024764782
2338, 4.97479024764782
2339, 4.97479024764782
2340, 4.97479024764782
2341, 4.97479024764782
2342, 4.97479024764782
2343, 4.97479024764782
2344, 4.97479024764782
2345, 4.97479024764782
2346, 4.97479024764782
2347, 4.97479024764782
2348, 4.97479024764782
2349, 4.97479024764782
2350, 4.97479024764782
2351, 4.97479024764782
2352, 4.97479024764782
2353, 4.97479024764782
2354, 4.97479024764782
2355, 4.97479024764782
2356, 4.97479024764782
2357, 4.97479024764782
2358, 4.97479024764782
2359, 4.97479024764782
2360, 4.97479024764782
2361, 4.97479024764782
2362, 4.97479024764782
2363, 4.97479024764782
2364, 4.97479024764782
2365, 4.97479024764782
2366, 4.97479024764782
2367, 4.97479024764782
2368, 4.97479024764782
2369, 4.97479024764782
2370, 4.97479024764782
2371, 4.97479024764782
2372, 4.97479024764782
2373, 4.97479024764782
2374, 4.97479024764782
2375, 4.97479024764782
2376, 4.97479024764782
2377, 4.97479024764782
2378, 4.97479024764782
2379, 4.97479024764782
2380, 4.97479024764782
2381, 4.97479024764782
2382, 4.97479024764782
2383, 4.97479024764782
2384, 4.97479024764782
2385, 4.97479024764782
2386, 4.97479024764782
2387, 4.97479024764782
2388, 4.97479024764782
2389, 4.97479024764782
2390, 4.97479024764782
2391, 4.97479024764782
2392, 4.97479024764782
2393, 4.97479024764782
2394, 4.97479024764782
2395, 4.97479024764782
2396, 4.97479024764782
2397, 4.97479024764782
2398, 4.97479024764782
2399, 4.97479024764782
2400, 4.97479024764782
2401, 4.97479024764782
2402, 4.97479024764782
2403, 4.97479024764782
2404, 4.97479024764782
2405, 4.97479024764782
2406, 4.97479024764782
2407, 4.97479024764782
2408, 4.97479024764782
2409, 4.97479024764782
2410, 4.97479024764782
2411, 4.97479024764782
2412, 4.97479024764782
2413, 4.97479024764782
2414, 4.97479024764782
2415, 4.97479024764782
2416, 4.97479024764782
2417, 4.97479024764782
2418, 4.97479024764782
2419, 4.97479024764782
2420, 4.97479024764782
2421, 4.97479024764782
2422, 4.97479024764782
2423, 4.97479024764782
2424, 4.97479024764782
2425, 4.97479024764782
2426, 4.97479024764782
2427, 4.97479024764782
2428, 4.97479024764782
2429, 4.97479024764782
2430, 4.97479024764782
2431, 4.97479024764782
2432, 4.97479024764782
2433, 4.97479024764782
2434, 4.97479024764782
2435, 4.97479024764782
2436, 4.97479024764782
2437, 4.97479024764782
2438, 4.97479024764782
2439, 4.97479024764782
2440, 4.97479024764782
2441, 4.97479024764782
2442, 4.97479024764782
2443, 4.97479024764782
2444, 4.97479024764782
2445, 4.97479024764782
2446, 4.97479024764782
2447, 4.97479024764782
2448, 4.97479024764782
2449, 4.97479024764782
2450, 4.97479024764782
2451, 4.97479024764782
2452, 4.97479024764782
2453, 4.97479024764782
2454, 4.97479024764782
2455, 4.97479024764782
2456, 4.97479024764782
2457, 4.97479024764782
2458, 4.97479024764782
2459, 4.97479024764782
2460, 4.97479024764782
2461, 4.97479024764782
2462, 4.97479024764782
2463, 4.97479024764782
2464, 4.97479024764782
2465, 4.97479024764782
2466, 4.97479024764782
2467, 4.97479024764782
2468, 4.97479024764782
2469, 4.97479024764782
2470, 4.97479024764782
2471, 4.97479024764782
2472, 4.97479024764782
2473, 4.97479024764782
2474, 4.97479024764782
2475, 4.97479024764782
2476, 4.97479024764782
2477, 4.97479024764782
2478, 4.97479024764782
2479, 4.97479024764782
2480, 4.97479024764782
2481, 4.97479024764782
2482, 4.97479024764782
2483, 4.97479024764782
2484, 4.97479024764782
2485, 4.97479024764782
2486, 4.97479024764782
2487, 4.97479024764782
2488, 4.97479024764782
2489, 4.97479024764782
2490, 4.97479024764782
2491, 4.97479024764782
2492, 4.97479024764782
2493, 4.97479024764782
2494, 4.97479024764782
2495, 4.97479024764782
2496, 4.97479024764782
2497, 4.97479024764782
2498, 4.97479024764782
2499, 4.97479024764782
2500, 4.97479024764782
2501, 4.97479024764782
2502, 4.97479024764782
2503, 4.97479024764782
2504, 4.97479024764782
2505, 4.97479024764782
2506, 4.97479024764782
2507, 4.97479024764782
2508, 4.97479024764782
2509, 4.97479024764782
2510, 4.97479024764782
2511, 4.97479024764782
2512, 4.97479024764782
2513, 4.97479024764782
2514, 4.97479024764782
2515, 4.97479024764782
2516, 4.97479024764782
2517, 4.97479024764782
2518, 4.97479024764782
2519, 4.97479024764782
2520, 4.97479024764782
2521, 4.97479024764782
2522, 4.97479024764782
2523, 4.97479024764782
2524, 4.97479024764782
2525, 4.97479024764782
2526, 4.97479024764782
2527, 4.97479024764782
2528, 4.97479024764782
2529, 4.97479024764782
2530, 4.97479024764782
2531, 4.97479024764782
2532, 4.97479024764782
2533, 4.97479024764782
2534, 4.97479024764782
2535, 4.97479024764782
2536, 4.97479024764782
2537, 4.97479024764782
2538, 4.97479024764782
2539, 4.97479024764782
2540, 4.97479024764782
2541, 4.97479024764782
2542, 4.97479024764782
2543, 4.97479024764782
2544, 4.97479024764782
2545, 4.97479024764782
2546, 4.97479024764782
2547, 4.97479024764782
2548, 4.97479024764782
2549, 4.97479024764782
2550, 4.97479024764782
2551, 4.97479024764782
2552, 4.97479024764782
2553, 4.97479024764782
2554, 4.97479024764782
2555, 4.97479024764782
2556, 4.97479024764782
2557, 4.97479024764782
2558, 4.97479024764782
2559, 4.97479024764782
2560, 4.97479024764782
2561, 4.97479024764782
2562, 4.97479024764782
2563, 4.97479024764782
2564, 4.97479024764782
2565, 4.97479024764782
2566, 4.97479024764782
2567, 4.97479024764782
2568, 4.97479024764782
2569, 4.97479024764782
2570, 4.97479024764782
2571, 4.97479024764782
2572, 4.97479024764782
2573, 4.97479024764782
2574, 4.97479024764782
2575, 4.97479024764782
2576, 4.97479024764782
2577, 4.97479024764782
2578, 4.97479024764782
2579, 4.97479024764782
2580, 4.97479024764782
2581, 4.97479024764782
2582, 4.97479024764782
2583, 4.97479024764782
2584, 4.97479024764782
2585, 4.97479024764782
2586, 4.97479024764782
2587, 4.97479024764782
2588, 4.97479024764782
2589, 4.97479024764782
2590, 4.97479024764782
2591, 4.97479024764782
2592, 4.97479024764782
2593, 4.97479024764782
2594, 4.97479024764782
2595, 4.97479024764782
2596, 4.97479024764782
2597, 4.97479024764782
2598, 4.97479024764782
2599, 4.97479024764782
2600, 4.97479024764782
2601, 4.97479024764782
2602, 4.97479024764782
2603, 4.97479024764782
2604, 4.97479024764782
2605, 4.97479024764782
2606, 4.97479024764782
2607, 4.97479024764782
2608, 4.97479024764782
2609, 4.97479024764782
2610, 4.97479024764782
2611, 4.97479024764782
2612, 4.97479024764782
2613, 4.97479024764782
2614, 4.97479024764782
2615, 4.97479024764782
2616, 4.97479024764782
2617, 4.97479024764782
2618, 4.97479024764782
2619, 4.97479024764782
2620, 4.97479024764782
2621, 4.97479024764782
2622, 4.97479024764782
2623, 4.97479024764782
2624, 4.97479024764782
2625, 4.97479024764782
2626, 4.97479024764782
2627, 4.97479024764782
2628, 4.97479024764782
2629, 4.97479024764782
2630, 4.97479024764782
2631, 4.97479024764782
2632, 4.97479024764782
2633, 4.97479024764782
2634, 4.97479024764782
2635, 4.97479024764782
2636, 4.97479024764782
2637, 4.97479024764782
2638, 4.97479024764782
2639, 4.97479024764782
2640, 4.97479024764782
2641, 4.97479024764782
2642, 4.97479024764782
2643, 4.97479024764782
2644, 4.97479024764782
2645, 4.97479024764782
2646, 4.97479024764782
2647, 4.97479024764782
2648, 4.97479024764782
2649, 4.97479024764782
2650, 4.97479024764782
2651, 4.97479024764782
2652, 4.97479024764782
2653, 4.97479024764782
2654, 4.97479024764782
2655, 4.97479024764782
2656, 4.97479024764782
2657, 4.97479024764782
2658, 4.97479024764782
2659, 4.97479024764782
2660, 4.97479024764782
2661, 4.97479024764782
2662, 4.97479024764782
2663, 4.97479024764782
2664, 4.97479024764782
2665, 4.97479024764782
2666, 4.97479024764782
2667, 4.97479024764782
2668, 4.97479024764782
2669, 4.97479024764782
2670, 4.97479024764782
2671, 4.97479024764782
2672, 4.97479024764782
2673, 4.97479024764782
2674, 4.97479024764782
2675, 4.97479024764782
2676, 4.97479024764782
2677, 4.97479024764782
2678, 4.97479024764782
2679, 4.97479024764782
2680, 4.97479024764782
2681, 4.97479024764782
2682, 4.97479024764782
2683, 4.97479024764782
2684, 4.97479024764782
2685, 4.97479024764782
2686, 4.97479024764782
2687, 4.97479024764782
2688, 4.97479024764782
2689, 4.97479024764782
2690, 4.97479024764782
2691, 4.97479024764782
2692, 4.97479024764782
2693, 4.97479024764782
2694, 4.97479024764782
2695, 4.97479024764782
2696, 4.97479024764782
2697, 4.97479024764782
2698, 4.97479024764782
2699, 4.97479024764782
2700, 4.97479024764782
2701, 4.97479024764782
2702, 4.97479024764782
2703, 4.97479024764782
2704, 4.97479024764782
2705, 4.97479024764782
2706, 4.97479024764782
2707, 4.97479024764782
2708, 4.97479024764782
2709, 4.97479024764782
2710, 4.97479024764782
2711, 4.97479024764782
2712, 4.97479024764782
2713, 4.97479024764782
2714, 4.97479024764782
2715, 4.97479024764782
2716, 4.97479024764782
2717, 4.97479024764782
2718, 4.97479024764782
2719, 4.97479024764782
2720, 4.97479024764782
2721, 4.97479024764782
2722, 4.97479024764782
2723, 4.97479024764782
2724, 4.97479024764782
2725, 4.97479024764782
2726, 4.97479024764782
2727, 4.97479024764782
2728, 4.97479024764782
2729, 4.97479024764782
2730, 4.97479024764782
2731, 4.97479024764782
2732, 4.97479024764782
2733, 4.97479024764782
2734, 4.97479024764782
2735, 4.97479024764782
2736, 4.97479024764782
2737, 4.97479024764782
2738, 4.97479024764782
2739, 4.97479024764782
2740, 4.97479024764782
2741, 4.97479024764782
2742, 4.97479024764782
2743, 4.97479024764782
2744, 4.97479024764782
2745, 4.97479024764782
2746, 4.97479024764782
2747, 4.97479024764782
2748, 4.97479024764782
2749, 4.97479024764782
2750, 4.97479024764782
2751, 4.97479024764782
2752, 4.97479024764782
2753, 4.97479024764782
2754, 4.97479024764782
2755, 4.97479024764782
2756, 4.97479024764782
2757, 4.97479024764782
2758, 4.97479024764782
2759, 4.97479024764782
2760, 4.97479024764782
2761, 4.97479024764782
2762, 4.97479024764782
2763, 4.97479024764782
2764, 4.97479024764782
2765, 4.97479024764782
2766, 4.97479024764782
2767, 4.97479024764782
2768, 4.97479024764782
2769, 4.97479024764782
2770, 4.97479024764782
2771, 4.97479024764782
2772, 4.97479024764782
2773, 4.97479024764782
2774, 4.97479024764782
2775, 4.97479024764782
2776, 4.97479024764782
2777, 4.97479024764782
2778, 4.97479024764782
2779, 4.97479024764782
2780, 4.97479024764782
2781, 4.97479024764782
2782, 4.97479024764782
2783, 4.97479024764782
2784, 4.97479024764782
2785, 4.97479024764782
2786, 4.97479024764782
2787, 4.97479024764782
2788, 4.97479024764782
2789, 4.97479024764782
2790, 4.97479024764782
2791, 4.97479024764782
2792, 4.97479024764782
2793, 4.97479024764782
2794, 4.97479024764782
2795, 4.97479024764782
2796, 4.97479024764782
2797, 4.97479024764782
2798, 4.97479024764782
2799, 4.97479024764782
2800, 4.97479024764782
2801, 4.97479024764782
2802, 4.97479024764782
2803, 4.97479024764782
2804, 4.97479024764782
2805, 4.97479024764782
2806, 4.97479024764782
2807, 4.97479024764782
2808, 4.97479024764782
2809, 4.97479024764782
2810, 4.97479024764782
2811, 4.97479024764782
2812, 4.97479024764782
2813, 4.97479024764782
2814, 4.97479024764782
2815, 4.97479024764782
2816, 4.97479024764782
2817, 4.97479024764782
2818, 4.97479024764782
2819, 4.97479024764782
2820, 4.97479024764782
2821, 4.97479024764782
2822, 4.97479024764782
2823, 4.97479024764782
2824, 4.97479024764782
2825, 4.97479024764782
2826, 4.97479024764782
2827, 4.97479024764782
2828, 4.97479024764782
2829, 4.97479024764782
2830, 4.97479024764782
2831, 4.97479024764782
2832, 4.97479024764782
2833, 4.97479024764782
2834, 4.97479024764782
2835, 4.97479024764782
2836, 4.97479024764782
2837, 4.97479024764782
2838, 4.97479024764782
2839, 4.97479024764782
2840, 4.97479024764782
2841, 4.97479024764782
2842, 4.97479024764782
2843, 4.97479024764782
2844, 4.97479024764782
2845, 4.97479024764782
2846, 4.97479024764782
2847, 4.97479024764782
2848, 4.97479024764782
2849, 4.97479024764782
2850, 4.97479024764782
2851, 4.97479024764782
2852, 4.97479024764782
2853, 4.97479024764782
2854, 4.97479024764782
2855, 4.97479024764782
2856, 4.97479024764782
2857, 4.97479024764782
2858, 4.97479024764782
2859, 4.97479024764782
2860, 4.97479024764782
2861, 4.97479024764782
2862, 4.97479024764782
2863, 4.97479024764782
2864, 4.97479024764782
2865, 4.97479024764782
2866, 4.97479024764782
2867, 4.97479024764782
2868, 4.97479024764782
2869, 4.97479024764782
2870, 4.97479024764782
2871, 4.97479024764782
2872, 4.97479024764782
2873, 4.97479024764782
2874, 4.97479024764782
2875, 4.97479024764782
2876, 4.97479024764782
2877, 4.97479024764782
2878, 4.97479024764782
2879, 4.97479024764782
2880, 4.97479024764782
2881, 4.97479024764782
2882, 4.97479024764782
2883, 4.97479024764782
2884, 4.97479024764782
2885, 4.97479024764782
2886, 4.97479024764782
2887, 4.97479024764782
2888, 4.97479024764782
2889, 4.97479024764782
2890, 4.97479024764782
2891, 4.97479024764782
2892, 4.97479024764782
2893, 4.97479024764782
2894, 4.97479024764782
2895, 4.97479024764782
2896, 4.97479024764782
2897, 4.97479024764782
2898, 4.97479024764782
2899, 4.97479024764782
2900, 4.97479024764782
2901, 4.97479024764782
2902, 4.97479024764782
2903, 4.97479024764782
2904, 4.97479024764782
2905, 4.97479024764782
2906, 4.97479024764782
2907, 4.97479024764782
2908, 4.97479024764782
2909, 4.97479024764782
2910, 4.97479024764782
2911, 4.97479024764782
2912, 4.97479024764782
2913, 4.97479024764782
2914, 4.97479024764782
2915, 4.97479024764782
2916, 4.97479024764782
2917, 4.97479024764782
2918, 4.97479024764782
2919, 4.97479024764782
2920, 4.97479024764782
2921, 4.97479024764782
2922, 4.97479024764782
2923, 4.97479024764782
2924, 4.97479024764782
2925, 4.97479024764782
2926, 4.97479024764782
2927, 4.97479024764782
2928, 4.97479024764782
2929, 4.97479024764782
2930, 4.97479024764782
2931, 4.97479024764782
2932, 4.97479024764782
2933, 4.97479024764782
2934, 4.97479024764782
2935, 4.97479024764782
2936, 4.97479024764782
2937, 4.97479024764782
2938, 4.97479024764782
2939, 4.97479024764782
2940, 4.97479024764782
2941, 4.97479024764782
2942, 4.97479024764782
2943, 4.97479024764782
2944, 4.97479024764782
2945, 4.97479024764782
2946, 4.97479024764782
2947, 4.97479024764782
2948, 4.97479024764782
2949, 4.97479024764782
2950, 4.97479024764782
2951, 4.97479024764782
2952, 4.97479024764782
2953, 4.97479024764782
2954, 4.97479024764782
2955, 4.97479024764782
2956, 4.97479024764782
2957, 4.97479024764782
2958, 4.97479024764782
2959, 4.97479024764782
2960, 4.97479024764782
2961, 4.97479024764782
2962, 4.97479024764782
2963, 4.97479024764782
2964, 4.97479024764782
2965, 4.97479024764782
2966, 4.97479024764782
2967, 4.97479024764782
2968, 4.97479024764782
2969, 4.97479024764782
2970, 4.97479024764782
2971, 4.97479024764782
2972, 4.97479024764782
2973, 4.97479024764782
2974, 4.97479024764782
2975, 4.97479024764782
2976, 4.97479024764782
2977, 4.97479024764782
2978, 4.97479024764782
2979, 4.97479024764782
2980, 4.97479024764782
2981, 4.97479024764782
2982, 4.97479024764782
2983, 4.97479024764782
2984, 4.97479024764782
2985, 4.97479024764782
2986, 4.97479024764782
2987, 4.97479024764782
2988, 4.97479024764782
2989, 4.97479024764782
2990, 4.97479024764782
2991, 4.97479024764782
2992, 4.97479024764782
2993, 4.97479024764782
2994, 4.97479024764782
2995, 4.97479024764782
2996, 4.97479024764782
2997, 4.97479024764782
2998, 4.97479024764782
2999, 4.97479024764782
