0, 66.6277324556338
1, 66.6277324556338
2, 66.6277324556338
3, 66.6277324556338
4, 66.6277324556338
5, 66.6277324556338
6, 66.6277324556338
7, 66.6277324556338
8, 66.6277324556338
9, 66.6277324556338
10, 66.6277324556338
11, 66.6277324556338
12, 66.6277324556338
13, 66.6277324556338
14, 66.6277324556338
15, 66.6277324556338
16, 66.6277324556338
17, 66.6277324556338
18, 66.6277324556338
19, 66.6277324556338
20, 66.6277324556338
21, 66.6277324556338
22, 66.6277324556338
23, 66.6277324556338
24, 66.6277324556338
25, 66.6277324556338
26, 66.6277324556338
27, 66.5974617467773
28, 66.5974617467773
29, 66.5974617467773
30, 66.5974617467773
31, 57.9486536334664
32, 57.9486536334664
33, 57.9486536334664
34, 57.9486536334664
35, 57.9486536334664
36, 57.9486536334664
37, 57.9486536334664
38, 57.9486536334664
39, 57.9486536334664
40, 57.9486536334664
41, 57.9486536334664
42, 57.9486536334664
43, 57.9486536334664
44, 57.9486536334664
45, 56.7882546101513
46, 56.7882546101513
47, 56.7882546101513
48, 56.7882546101513
49, 56.7882546101513
50, 56.7882546101513
51, 56.7882546101513
52, 56.7882546101513
53, 56.7882546101513
54, 56.7882546101513
55, 52.7972690128003
56, 52.7972690128003
57, 46.5942676632766
58, 38.5358450502851
59, 38.5358450502851
60, 38.5358450502851
61, 38.5358450502851
62, 38.5358450502851
63, 38.5358450502851
64, 38.5358450502851
65, 38.5358450502851
66, 38.5358450502851
67, 38.5358450502851
68, 38.5358450502851
69, 38.5358450502851
70, 38.5358450502851
71, 38.5358450502851
72, 38.5358450502851
73, 38.5358450502851
74, 38.5358450502851
75, 38.5358450502851
76, 38.5358450502851
77, 38.5358450502851
78, 38.5358450502851
79, 38.5358450502851
80, 38.5358450502851
81, 38.5358450502851
82, 37.1430591071223
83, 37.1430591071223
84, 37.1430591071223
85, 37.1430591071223
86, 37.1430591071223
87, 37.1430591071223
88, 37.1430591071223
89, 31.8131071340453
90, 31.8131071340453
91, 31.8131071340453
92, 31.8131071340453
93, 31.8131071340453
94, 31.8131071340453
95, 31.8131071340453
96, 31.8131071340453
97, 30.1023588968198
98, 30.1023588968198
99, 30.1023588968198
100, 30.1023588968198
101, 30.1023588968198
102, 30.1023588968198
103, 30.1023588968198
104, 30.1023588968198
105, 30.1023588968198
106, 30.1023588968198
107, 30.1023588968198
108, 30.1023588968198
109, 30.1023588968198
110, 30.1023588968198
111, 30.1023588968198
112, 30.1023588968198
113, 29.8715798977847
114, 29.8715798977847
115, 29.8715798977847
116, 29.8715798977847
117, 28.2318848219237
118, 28.2318848219237
119, 28.2318848219237
120, 28.2318848219237
121, 28.2318848219237
122, 28.2318848219237
123, 19.9441095053226
124, 19.9441095053226
125, 19.9441095053226
126, 19.9441095053226
127, 19.9441095053226
128, 19.9441095053226
129, 19.9441095053226
130, 19.9441095053226
131, 19.9441095053226
132, 19.9441095053226
133, 19.9441095053226
134, 19.9441095053226
135, 19.9441095053226
136, 19.9441095053226
137, 19.9441095053226
138, 19.9441095053226
139, 19.9441095053226
140, 19.9441095053226
141, 19.9441095053226
142, 15.8219793706501
143, 14.3982939570943
144, 14.3982939570943
145, 14.3982939570943
146, 14.3982939570943
147, 14.3982939570943
148, 14.3982939570943
149, 14.3982939570943
150, 14.3982939570943
151, 14.3982939570943
152, 14.3982939570943
153, 14.3982939570943
154, 14.3982939570943
155, 14.3982939570943
156, 14.3982939570943
157, 14.3982939570943
158, 14.3982939570943
159, 14.3982939570943
160, 14.3982939570943
161, 14.3982939570943
162, 14.3982939570943
163, 14.3982939570943
164, 14.3982939570943
165, 14.3982939570943
166, 14.3982939570943
167, 14.3974012862623
168, 14.3974012862623
169, 14.3974012862623
170, 14.3974012862623
171, 14.3974012862623
172, 14.3974012862623
173, 14.3974012862623
174, 14.3974012862623
175, 14.3974012862623
176, 14.3974012862623
177, 14.3974012862623
178, 12.7073726308111
179, 12.2021934636038
180, 12.2021934636038
181, 12.2021934636038
182, 12.2021934636038
183, 12.2021934636038
184, 12.2021934636038
185, 12.2021934636038
186, 12.2021934636038
187, 12.2021934636038
188, 12.2021934636038
189, 12.2021934636038
190, 12.2021934636038
191, 12.2021934636038
192, 12.2021934636038
193, 12.2021934636038
194, 12.2021934636038
195, 12.2021934636038
196, 12.2021934636038
197, 12.2021934636038
198, 12.2021934636038
199, 12.2021934636038
200, 12.2021934636038
201, 12.2021934636038
202, 12.2021934636038
203, 12.2021934636038
204, 12.2021934636038
205, 12.2021934636038
206, 12.2021934636038
207, 12.2021934636038
208, 12.2021934636038
209, 12.2021934636038
210, 12.2021934636038
211, 12.2021934636038
212, 12.2021934636038
213, 12.2021934636038
214, 12.2021934636038
215, 12.2021934636038
216, 12.2021934636038
217, 12.2021934636038
218, 12.2021934636038
219, 12.2021934636038
220, 12.1587712429982
221, 12.1587712429982
222, 12.1587712429982
223, 11.9319934852617
224, 11.9319934852617
225, 11.9319934852617
226, 11.2638350934562
227, 11.2638350934562
228, 11.2638350934562
229, 11.2638350934562
230, 11.2638350934562
231, 11.2638350934562
232, 11.2638350934562
233, 11.2638350934562
234, 11.2638350934562
235, 11.2638350934562
236, 11.2638350934562
237, 11.2638350934562
238, 11.2638350934562
239, 11.2638350934562
240, 11.2638350934562
241, 11.2638350934562
242, 11.2638350934562
243, 11.2638350934562
244, 11.2638350934562
245, 11.2638350934562
246, 11.2638350934562
247, 11.2638350934562
248, 11.2638350934562
249, 11.2638350934562
250, 11.2638350934562
251, 11.2638350934562
252, 11.2638350934562
253, 11.2638350934562
254, 11.2638350934562
255, 11.2638350934562
256, 11.2638350934562
257, 11.2638350934562
258, 11.2638350934562
259, 8.67986548925018
260, 8.67986548925018
261, 8.67986548925018
262, 8.67986548925018
263, 8.67986548925018
264, 8.67986548925018
265, 8.67986548925018
266, 8.67986548925018
267, 8.67986548925018
268, 8.67986548925018
269, 8.67986548925018
270, 8.67986548925018
271, 8.67986548925018
272, 8.67986548925018
273, 8.67986548925018
274, 8.67986548925018
275, 8.67986548925018
276, 8.67986548925018
277, 8.67986548925018
278, 8.67986548925018
279, 8.67986548925018
280, 8.67986548925018
281, 8.67986548925018
282, 8.67986548925018
283, 8.67986548925018
284, 8.67986548925018
285, 8.67986548925018
286, 8.67986548925018
287, 8.67986548925018
288, 8.67986548925018
289, 8.67986548925018
290, 7.21913289901503
291, 7.21913289901503
292, 7.21913289901503
293, 7.21913289901503
294, 6.17066815145026
295, 6.17066815145026
296, 6.17066815145026
297, 6.17066815145026
298, 6.17066815145026
299, 6.17066815145026
300, 6.17066815145026
301, 5.73769403347584
302, 5.73769403347584
303, 5.73769403347584
304, 5.73769403347584
305, 5.73769403347584
306, 5.73769403347584
307, 5.73769403347584
308, 5.73769403347584
309, 5.73178021250339
310, 5.73178021250339
311, 5.73178021250339
312, 5.73178021250339
313, 5.73178021250339
314, 5.73178021250339
315, 5.73178021250339
316, 5.73178021250339
317, 5.73178021250339
318, 5.73178021250339
319, 5.73178021250339
320, 5.73178021250339
321, 5.73178021250339
322, 5.73178021250339
323, 5.73178021250339
324, 5.73178021250339
325, 5.73178021250339
326, 5.73178021250339
327, 4.74933062180046
328, 4.74933062180046
329, 4.74933062180046
330, 4.74933062180046
331, 4.74933062180046
332, 4.74933062180046
333, 4.74933062180046
334, 4.74933062180046
335, 4.74933062180046
336, 4.74933062180046
337, 4.74933062180046
338, 4.74933062180046
339, 4.74933062180046
340, 4.74933062180046
341, 4.74933062180046
342, 4.74933062180046
343, 4.74933062180046
344, 4.74933062180046
345, 4.74933062180046
346, 4.74933062180046
347, 4.74933062180046
348, 4.74933062180046
349, 4.74933062180046
350, 4.74933062180046
351, 4.74933062180046
352, 4.74933062180046
353, 4.74933062180046
354, 4.74933062180046
355, 4.74933062180046
356, 4.74933062180046
357, 4.74933062180046
358, 4.74933062180046
359, 4.74933062180046
360, 4.74933062180046
361, 4.74933062180046
362, 4.74933062180046
363, 4.74933062180046
364, 4.74933062180046
365, 4.74933062180046
366, 4.74933062180046
367, 4.74933062180046
368, 4.74933062180046
369, 4.74933062180046
370, 4.74933062180046
371, 4.74933062180046
372, 4.74933062180046
373, 4.74933062180046
374, 4.33061452580949
375, 4.33061452580949
376, 4.33061452580949
377, 4.33061452580949
378, 4.33061452580949
379, 3.55745935745682
380, 3.55745935745682
381, 3.55745935745682
382, 3.55745935745682
383, 3.55745935745682
384, 3.55745935745682
385, 3.55745935745682
386, 3.55745935745682
387, 3.55745935745682
388, 3.55745935745682
389, 3.55745935745682
390, 3.55745935745682
391, 3.55745935745682
392, 3.55745935745682
393, 3.55745935745682
394, 3.55745935745682
395, 3.55745935745682
396, 3.55745935745682
397, 3.55745935745682
398, 3.55745935745682
399, 3.55745935745682
400, 3.55745935745682
401, 3.55745935745682
402, 3.55745935745682
403, 3.55745935745682
404, 3.55745935745682
405, 3.55745935745682
406, 3.55745935745682
407, 3.55745935745682
408, 3.55745935745682
409, 3.55745935745682
410, 3.55745935745682
411, 3.55745935745682
412, 3.55745935745682
413, 3.55745935745682
414, 3.55745935745682
415, 3.55745935745682
416, 3.55745935745682
417, 3.55745935745682
418, 3.55745935745682
419, 3.55745935745682
420, 3.55745935745682
421, 3.55745935745682
422, 3.55745935745682
423, 3.55745935745682
424, 3.55745935745682
425, 3.55745935745682
426, 3.55745935745682
427, 3.55745935745682
428, 3.55745935745682
429, 3.55745935745682
430, 3.55745935745682
431, 3.55745935745682
432, 3.55745935745682
433, 3.55745935745682
434, 3.55745935745682
435, 3.55745935745682
436, 3.55745935745682
437, 3.55745935745682
438, 3.55745935745682
439, 3.55745935745682
440, 3.55745935745682
441, 3.55745935745682
442, 3.55745935745682
443, 3.55745935745682
444, 3.55745935745682
445, 3.55745935745682
446, 3.55745935745682
447, 3.55745935745682
448, 3.55745935745682
449, 3.55745935745682
450, 3.55745935745682
451, 3.55745935745682
452, 3.55745935745682
453, 3.55745935745682
454, 3.55745935745682
455, 3.55745935745682
456, 3.55745935745682
457, 3.55745935745682
458, 3.55745935745682
459, 3.55745935745682
460, 3.55745935745682
461, 3.55745935745682
462, 3.55745935745682
463, 3.55745935745682
464, 3.55745935745682
465, 3.55745935745682
466, 3.55745935745682
467, 3.55745935745682
468, 3.55745935745682
469, 3.55745935745682
470, 3.55745935745682
471, 3.55745935745682
472, 3.55745935745682
473, 3.55745935745682
474, 3.55745935745682
475, 3.29520390991327
476, 3.29520390991327
477, 2.8838925872358
478, 2.8838925872358
479, 2.8838925872358
480, 2.8838925872358
481, 2.8838925872358
482, 2.8838925872358
483, 2.84694318990907
484, 2.84066610389445
485, 2.84066610389445
486, 2.84066610389445
487, 2.84066610389445
488, 2.84066610389445
489, 2.84066610389445
490, 2.76655324454207
491, 2.76655324454207
492, 2.76655324454207
493, 2.76655324454207
494, 2.52443398343574
495, 2.52443398343574
496, 2.17562532035651
497, 2.17562532035651
498, 2.17562532035651
499, 2.17562532035651
500, 2.17562532035651
501, 2.17377547896574
502, 2.17377547896574
503, 2.17377547896574
504, 2.17377547896574
505, 2.17377547896574
506, 2.17377547896574
507, 2.17377547896574
508, 2.17377547896574
509, 2.17377547896574
510, 2.17377547896574
511, 2.17377547896574
512, 2.17377547896574
513, 2.17377547896574
514, 2.17377547896574
515, 2.17377547896574
516, 2.17377547896574
517, 2.17229179229672
518, 2.17229179229672
519, 1.43429400697737
520, 1.43429400697737
521, 1.43429400697737
522, 1.43429400697737
523, 1.43429400697737
524, 1.43429400697737
525, 1.43429400697737
526, 0.782602611814012
527, 0.782602611814012
528, 0.519689601306375
529, 0.170606270625067
530, 0.170606270625067
531, 0.170606270625067
532, 0.170606270625067
533, 0.170606270625067
534, 0.170606270625067
535, 0.170606270625067
536, 0.170606270625067
537, 0.170606270625067
538, 0.170606270625067
539, 0.170606270625067
540, 0.170606270625067
541, 0.137037563140533
542, 0.137037563140533
543, 0.137037563140533
544, 0.137037563140533
545, 0.137037563140533
546, 0.137037563140533
547, 0.137037563140533
548, 0.131923960185091
549, 0.131923960185091
550, 0.131923960185091
551, 0.131923960185091
552, 0.10582979763281
553, 0.10582979763281
554, 0.102574437076619
555, 0.102574437076619
556, 0.102574437076619
557, 0.0755033781064114
558, 0.0692141414453094
559, 0.0692141414453094
560, 0.0689657609915066
561, 0.0411492773163893
562, 0.0411492773163893
563, 0.0411492773163893
564, 0.0411492773163893
565, 0.0411492773163893
566, 0.0411492773163893
567, 0.0411492773163893
568, 0.0295785728737883
569, 0.0173861844696734
570, 0.0173134167492375
571, 0.0105681413850203
572, 0.0105681413850203
573, 0.0105681413850203
574, 0.00838065170785818
575, 0.00838065170785818
576, 0.00838065170785818
577, 0.00671779276126827
578, 0.00460331516377543
579, 0.00460331516377543
580, 0.00460331516377543
581, 0.00460331516377543
582, 0.00460331516377543
583, 0.00460331516377543
584, 0.00412866896331821
585, 0.00412866896331821
586, 0.00412866896331821
587, 0.00356666702605679
588, 0.00356666702605679
589, 0.00356666702605679
590, 0.00356666702605679
591, 0.00356666702605679
592, 0.00331853605331744
593, 0.00284043214067964
594, 0.00284043214067964
595, 0.00284043214067964
596, 0.00284043214067964
597, 0.00284043214067964
598, 0.00242828142317819
599, 0.00232045663000235
600, 0.00185486014155423
601, 0.00185486014155423
602, 0.00185486014155423
603, 0.00154228417970081
604, 0.00154228417970081
605, 0.00149415118807994
606, 0.00133935759566128
607, 0.00133935759566128
608, 0.00133935759566128
609, 0.00120191793287105
610, 0.000625971451354346
611, 0.000625971451354346
612, 0.0005046893869185
613, 0.0005046893869185
614, 0.000494807932410524
615, 0.000494807932410524
616, 0.000494807932410524
617, 0.000494807932410524
618, 0.000329349058342032
619, 0.000329349058342032
620, 0.000318860034038693
621, 0.000314117990953378
622, 0.000307666609881352
623, 0.000307666609881352
624, 0.000285002474104346
625, 0.000284510797424531
626, 0.00017855048657367
627, 0.000131937072442412
628, 0.000131937072442412
629, 0.000131937072442412
630, 0.000131937072442412
631, 0.000131937072442412
632, 0.000131937072442412
633, 0.000122888871134208
634, 0.000122888871134208
635, 0.000105978972886334
636, 0.000105978972886334
637, 0.000105978972886334
638, 8.31258138873636E-05
639, 8.31258138873636E-05
640, 7.04051808266826E-05
641, 7.04051808266826E-05
642, 7.04051808266826E-05
643, 7.04051808266826E-05
644, 7.03205535508289E-05
645, 7.03205535508289E-05
646, 7.03205535508289E-05
647, 7.03205535508289E-05
648, 7.03205535508289E-05
649, 7.03205535508289E-05
650, 7.03205535508289E-05
651, 7.03205535508289E-05
652, 6.3618091921569E-05
653, 4.9050457436195E-05
654, 4.9050457436195E-05
655, 4.9050457436195E-05
656, 4.9050457436195E-05
657, 4.9050457436195E-05
658, 4.75352834676812E-05
659, 4.75352834676812E-05
660, 4.27015621315974E-05
661, 4.27015621315974E-05
662, 4.27015621315974E-05
663, 4.27015621315974E-05
664, 4.27015621315974E-05
665, 3.94059738546559E-05
666, 3.94059738546559E-05
667, 3.94059738546559E-05
668, 3.94059738546559E-05
669, 3.94059738546559E-05
670, 3.94059738546559E-05
671, 3.94059738546559E-05
672, 3.94059738546559E-05
673, 3.94059738546559E-05
674, 3.94059738546559E-05
675, 3.37791141422628E-05
676, 3.37791141422628E-05
677, 2.85822205370323E-05
678, 2.85822205370323E-05
679, 2.85822205370323E-05
680, 2.60848835420546E-05
681, 2.41442296022854E-05
682, 2.41442296022854E-05
683, 2.41442296022854E-05
684, 2.41442296022854E-05
685, 2.41442296022854E-05
686, 2.41442296022854E-05
687, 2.41442296022854E-05
688, 2.41442296022854E-05
689, 2.41442296022854E-05
690, 2.41442296022854E-05
691, 2.41442296022854E-05
692, 2.41442296022854E-05
693, 2.41442296022854E-05
694, 2.41442296022854E-05
695, 2.41442296022854E-05
696, 2.41442296022854E-05
697, 2.41442296022854E-05
698, 2.41442296022854E-05
699, 2.28430245794442E-05
700, 2.1683399058503E-05
701, 1.97089262048422E-05
702, 1.92879511828892E-05
703, 1.91255069665885E-05
704, 1.71471934944378E-05
705, 1.71471934944378E-05
706, 1.43355672843626E-05
707, 1.43355672843626E-05
708, 1.43355672843626E-05
709, 1.43355672843626E-05
710, 1.43355672843626E-05
711, 1.43355672843626E-05
712, 1.43355672843626E-05
713, 1.43355672843626E-05
714, 1.43355672843626E-05
715, 1.26322483779973E-05
716, 1.21089531042173E-05
717, 1.21089531042173E-05
718, 1.15042189250403E-05
719, 7.85227589972237E-06
720, 5.66113106792443E-06
721, 5.66113106792443E-06
722, 4.68590101476707E-06
723, 4.68590101476707E-06
724, 4.68590101476707E-06
725, 4.64772184827211E-06
726, 4.64772184827211E-06
727, 4.5525180141226E-06
728, 4.54870138355545E-06
729, 4.54870138355545E-06
730, 4.54870138355545E-06
731, 2.93940966500372E-06
732, 2.93940966500372E-06
733, 2.93940966500372E-06
734, 2.32759652440961E-06
735, 1.62750740884121E-06
736, 1.62750740884121E-06
737, 1.62750740884121E-06
738, 1.62750740884121E-06
739, 1.62750740884121E-06
740, 1.62750740884121E-06
741, 1.62750740884121E-06
742, 1.62750740884121E-06
743, 1.62750740884121E-06
744, 1.62750740884121E-06
745, 1.62750740884121E-06
746, 1.62750740884121E-06
747, 1.62750740884121E-06
748, 1.23764434079021E-06
749, 1.07384521541576E-06
750, 1.07384521541576E-06
751, 1.07384521541576E-06
752, 1.07384521541576E-06
753, 1.07384521541576E-06
754, 1.04629648234322E-06
755, 1.04629648234322E-06
756, 1.04629648234322E-06
757, 1.04629648234322E-06
758, 1.04629648234322E-06
759, 1.04629648234322E-06
760, 8.34080912781587E-07
761, 2.66158151518425E-07
762, 2.66158151518425E-07
763, 2.66158151518425E-07
764, 2.66158151518425E-07
765, 2.66158151518425E-07
766, 2.29650890304356E-07
767, 2.29650890304356E-07
768, 2.29650890304356E-07
769, 2.29650890304356E-07
770, 2.29650890304356E-07
771, 2.29650890304356E-07
772, 2.29650890304356E-07
773, 2.29650890304356E-07
774, 2.29650890304356E-07
775, 2.04642399026511E-07
776, 2.00951646434078E-07
777, 1.82947527349597E-07
778, 1.16456432053269E-07
779, 9.3758915298281E-08
780, 9.3758915298281E-08
781, 9.3758915298281E-08
782, 9.3758915298281E-08
783, 9.3758915298281E-08
784, 9.3758915298281E-08
785, 8.85006610218397E-08
786, 8.85006610218397E-08
787, 8.85006610218397E-08
788, 8.85006610218397E-08
789, 8.85006610218397E-08
790, 6.92792561096667E-08
791, 6.92792561096667E-08
792, 6.81955683035085E-08
793, 6.58661818420114E-08
794, 6.58661818420114E-08
795, 6.58661818420114E-08
796, 6.36393568953508E-08
797, 6.36393568953508E-08
798, 6.36393568953508E-08
799, 6.36393568953508E-08
800, 6.36393568953508E-08
801, 5.89376156767685E-08
802, 5.89376156767685E-08
803, 5.89376156767685E-08
804, 5.89376156767685E-08
805, 5.89376156767685E-08
806, 5.45307266008876E-08
807, 5.45307266008876E-08
808, 4.89172613526989E-08
809, 4.89172613526989E-08
810, 4.89172613526989E-08
811, 4.89172613526989E-08
812, 4.71502534793444E-08
813, 4.34250946312886E-08
814, 4.33676046185383E-08
815, 4.20235117815082E-08
816, 4.20235117815082E-08
817, 4.1450300969359E-08
818, 4.1450300969359E-08
819, 3.95346955173181E-08
820, 3.6763896815728E-08
821, 3.56630618369991E-08
822, 3.20505986195485E-08
823, 3.20505986195485E-08
824, 3.20505986195485E-08
825, 2.86692110051945E-08
826, 2.78704526124329E-08
827, 2.78704526124329E-08
828, 2.70118505341088E-08
829, 2.70118505341088E-08
830, 2.12805897348289E-08
831, 2.12805897348289E-08
832, 2.12805897348289E-08
833, 2.12805897348289E-08
834, 2.12805897348289E-08
835, 2.12805897348289E-08
836, 2.10651709409149E-08
837, 2.10651709409149E-08
838, 2.10651709409149E-08
839, 1.75011276581927E-08
840, 1.75011276581927E-08
841, 1.75011276581927E-08
842, 1.75011276581927E-08
843, 1.7097550042422E-08
844, 1.53349617448839E-08
845, 1.50727359482516E-08
846, 1.50727359482516E-08
847, 1.50727359482516E-08
848, 1.4978947859845E-08
849, 1.24504762055722E-08
850, 1.24504762055722E-08
851, 1.24504762055722E-08
852, 1.24504762055722E-08
853, 1.24504762055722E-08
854, 1.24504762055722E-08
855, 1.23229781934242E-08
856, 1.07409015015492E-08
857, 1.07409015015492E-08
858, 1.07409015015492E-08
859, 1.07409015015492E-08
860, 1.07409015015492E-08
861, 1.07409015015492E-08
862, 1.07409015015492E-08
863, 8.37518143725902E-09
864, 8.37518143725902E-09
865, 7.58411466961206E-09
866, 7.58411466961206E-09
867, 6.16852346979613E-09
868, 6.16852346979613E-09
869, 5.68981306514615E-09
870, 5.68981306514615E-09
871, 3.5593501479525E-09
872, 2.82178902466512E-09
873, 2.82178902466512E-09
874, 2.82178902466512E-09
875, 2.82178902466512E-09
876, 2.54673615529555E-09
877, 2.1358843582675E-09
878, 2.1358843582675E-09
879, 2.1358843582675E-09
880, 2.1358843582675E-09
881, 2.1358843582675E-09
882, 2.1358843582675E-09
883, 2.1358843582675E-09
884, 1.89043447562653E-09
885, 1.57436197412153E-09
886, 1.57436197412153E-09
887, 1.57436197412153E-09
888, 1.51965373618168E-09
889, 1.51965373618168E-09
890, 1.51965373618168E-09
891, 1.51965373618168E-09
892, 1.28252963804698E-09
893, 1.06823172529857E-09
894, 1.06823172529857E-09
895, 1.06823172529857E-09
896, 1.06823172529857E-09
897, 1.06174269376424E-09
898, 1.04976649595301E-09
899, 1.04976649595301E-09
900, 1.04976649595301E-09
901, 8.77362182905017E-10
902, 8.77362182905017E-10
903, 8.77362182905017E-10
904, 8.77362182905017E-10
905, 8.21698264985571E-10
906, 8.21698264985571E-10
907, 7.53002993292284E-10
908, 7.53002993292284E-10
909, 7.47316875049364E-10
910, 7.47316875049364E-10
911, 7.47316875049364E-10
912, 5.9497295978872E-10
913, 5.71764857681956E-10
914, 5.64867264074564E-10
915, 5.64867264074564E-10
916, 5.52683232513118E-10
917, 5.45618661362823E-10
918, 5.23332488455708E-10
919, 5.23332488455708E-10
920, 4.54964066420871E-10
921, 3.78406639356399E-10
922, 2.06139105785041E-10
923, 2.06139105785041E-10
924, 1.44162015658367E-10
925, 1.44162015658367E-10
926, 1.44162015658367E-10
927, 6.53486154078564E-11
928, 6.53486154078564E-11
929, 6.53486154078564E-11
930, 6.53486154078564E-11
931, 6.53486154078564E-11
932, 3.23776561117484E-11
933, 3.23776561117484E-11
934, 3.23776561117484E-11
935, 3.23776561117484E-11
936, 3.23776561117484E-11
937, 3.23776561117484E-11
938, 3.23776561117484E-11
939, 3.23776561117484E-11
940, 3.23776561117484E-11
941, 3.23776561117484E-11
942, 3.23776561117484E-11
943, 3.23776561117484E-11
944, 1.62607705078699E-11
945, 1.62607705078699E-11
946, 1.62607705078699E-11
947, 1.62607705078699E-11
948, 1.62607705078699E-11
949, 1.62607705078699E-11
950, 1.62607705078699E-11
951, 1.62607705078699E-11
952, 1.62607705078699E-11
953, 1.62607705078699E-11
954, 1.62607705078699E-11
955, 1.62607705078699E-11
956, 1.62607705078699E-11
957, 1.424638185199E-11
958, 1.424638185199E-11
959, 1.424638185199E-11
960, 1.424638185199E-11
961, 1.33066890839473E-11
962, 1.10471631842302E-11
963, 4.62563320979825E-12
964, 4.62563320979825E-12
965, 4.62563320979825E-12
966, 4.62563320979825E-12
967, 4.62563320979825E-12
968, 4.62563320979825E-12
969, 4.62563320979825E-12
970, 4.62563320979825E-12
971, 4.62563320979825E-12
972, 4.62563320979825E-12
973, 4.62563320979825E-12
974, 4.62563320979825E-12
975, 4.62563320979825E-12
976, 4.62563320979825E-12
977, 4.62563320979825E-12
978, 2.04991579266789E-12
979, 2.04991579266789E-12
980, 2.04991579266789E-12
981, 2.04991579266789E-12
982, 2.04991579266789E-12
983, 2.04991579266789E-12
984, 2.04991579266789E-12
985, 2.04991579266789E-12
986, 2.04991579266789E-12
987, 2.04991579266789E-12
988, 2.04991579266789E-12
989, 2.04991579266789E-12
990, 2.04991579266789E-12
991, 2.04991579266789E-12
992, 2.04991579266789E-12
993, 2.04991579266789E-12
994, 2.04991579266789E-12
995, 2.04991579266789E-12
996, 2.04991579266789E-12
997, 1.48681067457801E-12
998, 1.48681067457801E-12
999, 1.48681067457801E-12
1000, 1.48681067457801E-12
1001, 1.48681067457801E-12
1002, 1.48681067457801E-12
1003, 1.406874616805E-12
1004, 1.406874616805E-12
1005, 1.00897068477934E-12
1006, 1.00897068477934E-12
1007, 1.00897068477934E-12
1008, 1.00897068477934E-12
1009, 1.00897068477934E-12
1010, 1.00897068477934E-12
1011, 9.87654402706539E-13
1012, 9.87654402706539E-13
1013, 9.87654402706539E-13
1014, 9.87654402706539E-13
1015, 9.87654402706539E-13
1016, 9.87654402706539E-13
1017, 9.87654402706539E-13
1018, 9.87654402706539E-13
1019, 9.87654402706539E-13
1020, 9.87654402706539E-13
1021, 8.84625706021325E-13
1022, 8.84625706021325E-13
1023, 8.84625706021325E-13
1024, 8.84625706021325E-13
1025, 8.84625706021325E-13
1026, 8.18900502963515E-13
1027, 8.18900502963515E-13
1028, 4.61852778244065E-13
1029, 4.38760139331862E-13
1030, 4.38760139331862E-13
1031, 4.38760139331862E-13
1032, 4.17443857259059E-13
1033, 4.17443857259059E-13
1034, 4.17443857259059E-13
1035, 4.06785716222657E-13
1036, 4.06785716222657E-13
1037, 4.06785716222657E-13
1038, 4.06785716222657E-13
1039, 3.35731442646647E-13
1040, 3.35731442646647E-13
1041, 3.35731442646647E-13
1042, 3.35731442646647E-13
1043, 3.35731442646647E-13
1044, 3.35731442646647E-13
1045, 3.35731442646647E-13
1046, 3.35731442646647E-13
1047, 3.35731442646647E-13
1048, 3.35731442646647E-13
1049, 2.96651592179842E-13
1050, 2.96651592179842E-13
1051, 2.96651592179842E-13
1052, 2.71782596428238E-13
1053, 2.71782596428238E-13
1054, 2.71782596428238E-13
1055, 2.71782596428238E-13
1056, 1.04805053524615E-13
1057, 1.04805053524615E-13
1058, 7.63833440942108E-14
1059, 5.15143483426073E-14
1060, 5.15143483426073E-14
1061, 5.15143483426073E-14
1062, 5.15143483426073E-14
1063, 5.15143483426073E-14
1064, 5.15143483426073E-14
1065, 5.15143483426073E-14
1066, 5.15143483426073E-14
1067, 3.90798504668055E-14
1068, 3.90798504668055E-14
1069, 3.90798504668055E-14
1070, 1.59872115546023E-14
1071, 1.59872115546023E-14
1072, 1.59872115546023E-14
1073, 1.59872115546023E-14
1074, 1.59872115546023E-14
1075, 1.59872115546023E-14
1076, 1.59872115546023E-14
1077, 1.4210854715202E-14
1078, 1.4210854715202E-14
1079, 1.4210854715202E-14
1080, 1.24344978758018E-14
1081, 1.24344978758018E-14
1082, 1.24344978758018E-14
1083, 1.24344978758018E-14
1084, 1.24344978758018E-14
1085, 1.06581410364015E-14
1086, 1.06581410364015E-14
1087, 7.105427357601E-15
1088, 7.105427357601E-15
1089, 7.105427357601E-15
1090, 7.105427357601E-15
1091, 7.105427357601E-15
1092, 7.105427357601E-15
1093, 7.105427357601E-15
1094, 7.105427357601E-15
1095, 7.105427357601E-15
1096, 7.105427357601E-15
1097, 5.32907051820075E-15
1098, 5.32907051820075E-15
1099, 5.32907051820075E-15
1100, 5.32907051820075E-15
1101, 5.32907051820075E-15
1102, 1.77635683940025E-15
1103, 1.77635683940025E-15
1104, 1.77635683940025E-15
1105, 1.77635683940025E-15
1106, 1.77635683940025E-15
1107, 1.77635683940025E-15
1108, 1.77635683940025E-15
1109, 1.77635683940025E-15
1110, 1.77635683940025E-15
1111, 1.77635683940025E-15
1112, 1.77635683940025E-15
1113, 1.77635683940025E-15
1114, 1.77635683940025E-15
1115, 1.77635683940025E-15
1116, 1.77635683940025E-15
1117, 1.77635683940025E-15
1118, 1.77635683940025E-15
1119, 1.77635683940025E-15
1120, 1.77635683940025E-15
1121, 1.77635683940025E-15
1122, 1.77635683940025E-15
1123, 1.77635683940025E-15
1124, 1.77635683940025E-15
1125, 0
1126, 0
1127, 0
1128, 0
1129, 0
1130, 0
1131, 0
1132, 0
1133, 0
1134, 0
1135, 0
1136, 0
1137, 0
1138, 0
1139, 0
1140, 0
1141, 0
1142, 0
1143, 0
1144, 0
1145, 0
1146, 0
1147, 0
1148, 0
1149, 0
1150, 0
1151, 0
1152, 0
1153, 0
1154, 0
1155, 0
1156, 0
1157, 0
1158, 0
1159, 0
1160, 0
1161, 0
1162, 0
1163, 0
1164, 0
1165, 0
1166, 0
1167, 0
1168, 0
1169, 0
1170, 0
1171, 0
1172, 0
1173, 0
1174, 0
1175, 0
1176, 0
1177, 0
1178, 0
1179, 0
1180, 0
1181, 0
1182, 0
1183, 0
1184, 0
1185, 0
1186, 0
1187, 0
1188, 0
1189, 0
1190, 0
1191, 0
1192, 0
1193, 0
1194, 0
1195, 0
1196, 0
1197, 0
1198, 0
1199, 0
1200, 0
1201, 0
1202, 0
1203, 0
1204, 0
1205, 0
1206, 0
1207, 0
1208, 0
1209, 0
1210, 0
1211, 0
1212, 0
1213, 0
1214, 0
1215, 0
1216, 0
1217, 0
1218, 0
1219, 0
1220, 0
1221, 0
1222, 0
1223, 0
1224, 0
1225, 0
1226, 0
1227, 0
1228, 0
1229, 0
1230, 0
1231, 0
1232, 0
1233, 0
1234, 0
1235, 0
1236, 0
1237, 0
1238, 0
1239, 0
1240, 0
1241, 0
1242, 0
1243, 0
1244, 0
1245, 0
1246, 0
1247, 0
1248, 0
1249, 0
1250, 0
1251, 0
1252, 0
1253, 0
1254, 0
1255, 0
1256, 0
1257, 0
1258, 0
1259, 0
1260, 0
1261, 0
1262, 0
1263, 0
1264, 0
1265, 0
1266, 0
1267, 0
1268, 0
1269, 0
1270, 0
1271, 0
1272, 0
1273, 0
1274, 0
1275, 0
1276, 0
1277, 0
1278, 0
1279, 0
1280, 0
1281, 0
1282, 0
1283, 0
1284, 0
1285, 0
1286, 0
1287, 0
1288, 0
1289, 0
1290, 0
1291, 0
1292, 0
1293, 0
1294, 0
1295, 0
1296, 0
1297, 0
1298, 0
1299, 0
1300, 0
1301, 0
1302, 0
1303, 0
1304, 0
1305, 0
1306, 0
1307, 0
1308, 0
1309, 0
1310, 0
1311, 0
1312, 0
1313, 0
1314, 0
1315, 0
1316, 0
1317, 0
1318, 0
1319, 0
1320, 0
1321, 0
1322, 0
1323, 0
1324, 0
1325, 0
1326, 0
1327, 0
1328, 0
1329, 0
1330, 0
1331, 0
1332, 0
1333, 0
1334, 0
1335, 0
1336, 0
1337, 0
1338, 0
1339, 0
1340, 0
1341, 0
1342, 0
1343, 0
1344, 0
1345, 0
1346, 0
1347, 0
1348, 0
1349, 0
1350, 0
1351, 0
1352, 0
1353, 0
1354, 0
1355, 0
1356, 0
1357, 0
1358, 0
1359, 0
1360, 0
1361, 0
1362, 0
1363, 0
1364, 0
1365, 0
1366, 0
1367, 0
1368, 0
1369, 0
1370, 0
1371, 0
1372, 0
1373, 0
1374, 0
1375, 0
1376, 0
1377, 0
1378, 0
1379, 0
1380, 0
1381, 0
1382, 0
1383, 0
1384, 0
1385, 0
1386, 0
1387, 0
1388, 0
1389, 0
1390, 0
1391, 0
1392, 0
1393, 0
1394, 0
1395, 0
1396, 0
1397, 0
1398, 0
1399, 0
1400, 0
1401, 0
1402, 0
1403, 0
1404, 0
1405, 0
1406, 0
1407, 0
1408, 0
1409, 0
1410, 0
1411, 0
1412, 0
1413, 0
1414, 0
1415, 0
1416, 0
1417, 0
1418, 0
1419, 0
1420, 0
1421, 0
1422, 0
1423, 0
1424, 0
1425, 0
1426, 0
1427, 0
1428, 0
1429, 0
1430, 0
1431, 0
1432, 0
1433, 0
1434, 0
1435, 0
1436, 0
1437, 0
1438, 0
1439, 0
1440, 0
1441, 0
1442, 0
1443, 0
1444, 0
1445, 0
1446, 0
1447, 0
1448, 0
1449, 0
1450, 0
1451, 0
1452, 0
1453, 0
1454, 0
1455, 0
1456, 0
1457, 0
1458, 0
1459, 0
1460, 0
1461, 0
1462, 0
1463, 0
1464, 0
1465, 0
1466, 0
1467, 0
1468, 0
1469, 0
1470, 0
1471, 0
1472, 0
1473, 0
1474, 0
1475, 0
1476, 0
1477, 0
1478, 0
1479, 0
1480, 0
1481, 0
1482, 0
1483, 0
1484, 0
1485, 0
1486, 0
1487, 0
1488, 0
1489, 0
1490, 0
1491, 0
1492, 0
1493, 0
1494, 0
1495, 0
1496, 0
1497, 0
1498, 0
1499, 0
1500, 0
1501, 0
1502, 0
1503, 0
1504, 0
1505, 0
1506, 0
1507, 0
1508, 0
1509, 0
1510, 0
1511, 0
1512, 0
1513, 0
1514, 0
1515, 0
1516, 0
1517, 0
1518, 0
1519, 0
1520, 0
1521, 0
1522, 0
1523, 0
1524, 0
1525, 0
1526, 0
1527, 0
1528, 0
1529, 0
1530, 0
1531, 0
1532, 0
1533, 0
1534, 0
1535, 0
1536, 0
1537, 0
1538, 0
1539, 0
1540, 0
1541, 0
1542, 0
1543, 0
1544, 0
1545, 0
1546, 0
1547, 0
1548, 0
1549, 0
1550, 0
1551, 0
1552, 0
1553, 0
1554, 0
1555, 0
1556, 0
1557, 0
1558, 0
1559, 0
1560, 0
1561, 0
1562, 0
1563, 0
1564, 0
1565, 0
1566, 0
1567, 0
1568, 0
1569, 0
1570, 0
1571, 0
1572, 0
1573, 0
1574, 0
1575, 0
1576, 0
1577, 0
1578, 0
1579, 0
1580, 0
1581, 0
1582, 0
1583, 0
1584, 0
1585, 0
1586, 0
1587, 0
1588, 0
1589, 0
1590, 0
1591, 0
1592, 0
1593, 0
1594, 0
1595, 0
1596, 0
1597, 0
1598, 0
1599, 0
1600, 0
1601, 0
1602, 0
1603, 0
1604, 0
1605, 0
1606, 0
1607, 0
1608, 0
1609, 0
1610, 0
1611, 0
1612, 0
1613, 0
1614, 0
1615, 0
1616, 0
1617, 0
1618, 0
1619, 0
1620, 0
1621, 0
1622, 0
1623, 0
1624, 0
1625, 0
1626, 0
1627, 0
1628, 0
1629, 0
1630, 0
1631, 0
1632, 0
1633, 0
1634, 0
1635, 0
1636, 0
1637, 0
1638, 0
1639, 0
1640, 0
1641, 0
1642, 0
1643, 0
1644, 0
1645, 0
1646, 0
1647, 0
1648, 0
1649, 0
1650, 0
1651, 0
1652, 0
1653, 0
1654, 0
1655, 0
1656, 0
1657, 0
1658, 0
1659, 0
1660, 0
1661, 0
1662, 0
1663, 0
1664, 0
1665, 0
1666, 0
1667, 0
1668, 0
1669, 0
1670, 0
1671, 0
1672, 0
1673, 0
1674, 0
1675, 0
1676, 0
1677, 0
1678, 0
1679, 0
1680, 0
1681, 0
1682, 0
1683, 0
1684, 0
1685, 0
1686, 0
1687, 0
1688, 0
1689, 0
1690, 0
1691, 0
1692, 0
1693, 0
1694, 0
1695, 0
1696, 0
1697, 0
1698, 0
1699, 0
1700, 0
1701, 0
1702, 0
1703, 0
1704, 0
1705, 0
1706, 0
1707, 0
1708, 0
1709, 0
1710, 0
1711, 0
1712, 0
1713, 0
1714, 0
1715, 0
1716, 0
1717, 0
1718, 0
1719, 0
1720, 0
1721, 0
1722, 0
1723, 0
1724, 0
1725, 0
1726, 0
1727, 0
1728, 0
1729, 0
1730, 0
1731, 0
1732, 0
1733, 0
1734, 0
1735, 0
1736, 0
1737, 0
1738, 0
1739, 0
1740, 0
1741, 0
1742, 0
1743, 0
1744, 0
1745, 0
1746, 0
1747, 0
1748, 0
1749, 0
1750, 0
1751, 0
1752, 0
1753, 0
1754, 0
1755, 0
1756, 0
1757, 0
1758, 0
1759, 0
1760, 0
1761, 0
1762, 0
1763, 0
1764, 0
1765, 0
1766, 0
1767, 0
1768, 0
1769, 0
1770, 0
1771, 0
1772, 0
1773, 0
1774, 0
1775, 0
1776, 0
1777, 0
1778, 0
1779, 0
1780, 0
1781, 0
1782, 0
1783, 0
1784, 0
1785, 0
1786, 0
1787, 0
1788, 0
1789, 0
1790, 0
1791, 0
1792, 0
1793, 0
1794, 0
1795, 0
1796, 0
1797, 0
1798, 0
1799, 0
1800, 0
1801, 0
1802, 0
1803, 0
1804, 0
1805, 0
1806, 0
1807, 0
1808, 0
1809, 0
1810, 0
1811, 0
1812, 0
1813, 0
1814, 0
1815, 0
1816, 0
1817, 0
1818, 0
1819, 0
1820, 0
1821, 0
1822, 0
1823, 0
1824, 0
1825, 0
1826, 0
1827, 0
1828, 0
1829, 0
1830, 0
1831, 0
1832, 0
1833, 0
1834, 0
1835, 0
1836, 0
1837, 0
1838, 0
1839, 0
1840, 0
1841, 0
1842, 0
1843, 0
1844, 0
1845, 0
1846, 0
1847, 0
1848, 0
1849, 0
1850, 0
1851, 0
1852, 0
1853, 0
1854, 0
1855, 0
1856, 0
1857, 0
1858, 0
1859, 0
1860, 0
1861, 0
1862, 0
1863, 0
1864, 0
1865, 0
1866, 0
1867, 0
1868, 0
1869, 0
1870, 0
1871, 0
1872, 0
1873, 0
1874, 0
1875, 0
1876, 0
1877, 0
1878, 0
1879, 0
1880, 0
1881, 0
1882, 0
1883, 0
1884, 0
1885, 0
1886, 0
1887, 0
1888, 0
1889, 0
1890, 0
1891, 0
1892, 0
1893, 0
1894, 0
1895, 0
1896, 0
1897, 0
1898, 0
1899, 0
1900, 0
1901, 0
1902, 0
1903, 0
1904, 0
1905, 0
1906, 0
1907, 0
1908, 0
1909, 0
1910, 0
1911, 0
1912, 0
1913, 0
1914, 0
1915, 0
1916, 0
1917, 0
1918, 0
1919, 0
1920, 0
1921, 0
1922, 0
1923, 0
1924, 0
1925, 0
1926, 0
1927, 0
1928, 0
1929, 0
1930, 0
1931, 0
1932, 0
1933, 0
1934, 0
1935, 0
1936, 0
1937, 0
1938, 0
1939, 0
1940, 0
1941, 0
1942, 0
1943, 0
1944, 0
1945, 0
1946, 0
1947, 0
1948, 0
1949, 0
1950, 0
1951, 0
1952, 0
1953, 0
1954, 0
1955, 0
1956, 0
1957, 0
1958, 0
1959, 0
1960, 0
1961, 0
1962, 0
1963, 0
1964, 0
1965, 0
1966, 0
1967, 0
1968, 0
1969, 0
1970, 0
1971, 0
1972, 0
1973, 0
1974, 0
1975, 0
1976, 0
1977, 0
1978, 0
1979, 0
1980, 0
1981, 0
1982, 0
1983, 0
1984, 0
1985, 0
1986, 0
1987, 0
1988, 0
1989, 0
1990, 0
1991, 0
1992, 0
1993, 0
1994, 0
1995, 0
1996, 0
1997, 0
1998, 0
1999, 0
2000, 0
2001, 0
2002, 0
2003, 0
2004, 0
2005, 0
2006, 0
2007, 0
2008, 0
2009, 0
2010, 0
2011, 0
2012, 0
2013, 0
2014, 0
2015, 0
2016, 0
2017, 0
2018, 0
2019, 0
2020, 0
2021, 0
2022, 0
2023, 0
2024, 0
2025, 0
2026, 0
2027, 0
2028, 0
2029, 0
2030, 0
2031, 0
2032, 0
2033, 0
2034, 0
2035, 0
2036, 0
2037, 0
2038, 0
2039, 0
2040, 0
2041, 0
2042, 0
2043, 0
2044, 0
2045, 0
2046, 0
2047, 0
2048, 0
2049, 0
2050, 0
2051, 0
2052, 0
2053, 0
2054, 0
2055, 0
2056, 0
2057, 0
2058, 0
2059, 0
2060, 0
2061, 0
2062, 0
2063, 0
2064, 0
2065, 0
2066, 0
2067, 0
2068, 0
2069, 0
2070, 0
2071, 0
2072, 0
2073, 0
2074, 0
2075, 0
2076, 0
2077, 0
2078, 0
2079, 0
2080, 0
2081, 0
2082, 0
2083, 0
2084, 0
2085, 0
2086, 0
2087, 0
2088, 0
2089, 0
2090, 0
2091, 0
2092, 0
2093, 0
2094, 0
2095, 0
2096, 0
2097, 0
2098, 0
2099, 0
2100, 0
2101, 0
2102, 0
2103, 0
2104, 0
2105, 0
2106, 0
2107, 0
2108, 0
2109, 0
2110, 0
2111, 0
2112, 0
2113, 0
2114, 0
2115, 0
2116, 0
2117, 0
2118, 0
2119, 0
2120, 0
2121, 0
2122, 0
2123, 0
2124, 0
2125, 0
2126, 0
2127, 0
2128, 0
2129, 0
2130, 0
2131, 0
2132, 0
2133, 0
2134, 0
2135, 0
2136, 0
2137, 0
2138, 0
2139, 0
2140, 0
2141, 0
2142, 0
2143, 0
2144, 0
2145, 0
2146, 0
2147, 0
2148, 0
2149, 0
2150, 0
2151, 0
2152, 0
2153, 0
2154, 0
2155, 0
2156, 0
2157, 0
2158, 0
2159, 0
2160, 0
2161, 0
2162, 0
2163, 0
2164, 0
2165, 0
2166, 0
2167, 0
2168, 0
2169, 0
2170, 0
2171, 0
2172, 0
2173, 0
2174, 0
2175, 0
2176, 0
2177, 0
2178, 0
2179, 0
2180, 0
2181, 0
2182, 0
2183, 0
2184, 0
2185, 0
2186, 0
2187, 0
2188, 0
2189, 0
2190, 0
2191, 0
2192, 0
2193, 0
2194, 0
2195, 0
2196, 0
2197, 0
2198, 0
2199, 0
2200, 0
2201, 0
2202, 0
2203, 0
2204, 0
2205, 0
2206, 0
2207, 0
2208, 0
2209, 0
2210, 0
2211, 0
2212, 0
2213, 0
2214, 0
2215, 0
2216, 0
2217, 0
2218, 0
2219, 0
2220, 0
2221, 0
2222, 0
2223, 0
2224, 0
2225, 0
2226, 0
2227, 0
2228, 0
2229, 0
2230, 0
2231, 0
2232, 0
2233, 0
2234, 0
2235, 0
2236, 0
2237, 0
2238, 0
2239, 0
2240, 0
2241, 0
2242, 0
2243, 0
2244, 0
2245, 0
2246, 0
2247, 0
2248, 0
2249, 0
2250, 0
2251, 0
2252, 0
2253, 0
2254, 0
2255, 0
2256, 0
2257, 0
2258, 0
2259, 0
2260, 0
2261, 0
2262, 0
2263, 0
2264, 0
2265, 0
2266, 0
2267, 0
2268, 0
2269, 0
2270, 0
2271, 0
2272, 0
2273, 0
2274, 0
2275, 0
2276, 0
2277, 0
2278, 0
2279, 0
2280, 0
2281, 0
2282, 0
2283, 0
2284, 0
2285, 0
2286, 0
2287, 0
2288, 0
2289, 0
2290, 0
2291, 0
2292, 0
2293, 0
2294, 0
2295, 0
2296, 0
2297, 0
2298, 0
2299, 0
2300, 0
2301, 0
2302, 0
2303, 0
2304, 0
2305, 0
2306, 0
2307, 0
2308, 0
2309, 0
2310, 0
2311, 0
2312, 0
2313, 0
2314, 0
2315, 0
2316, 0
2317, 0
2318, 0
2319, 0
2320, 0
2321, 0
2322, 0
2323, 0
2324, 0
2325, 0
2326, 0
2327, 0
2328, 0
2329, 0
2330, 0
2331, 0
2332, 0
2333, 0
2334, 0
2335, 0
2336, 0
2337, 0
2338, 0
2339, 0
2340, 0
2341, 0
2342, 0
2343, 0
2344, 0
2345, 0
2346, 0
2347, 0
2348, 0
2349, 0
2350, 0
2351, 0
2352, 0
2353, 0
2354, 0
2355, 0
2356, 0
2357, 0
2358, 0
2359, 0
2360, 0
2361, 0
2362, 0
2363, 0
2364, 0
2365, 0
2366, 0
2367, 0
2368, 0
2369, 0
2370, 0
2371, 0
2372, 0
2373, 0
2374, 0
2375, 0
2376, 0
2377, 0
2378, 0
2379, 0
2380, 0
2381, 0
2382, 0
2383, 0
2384, 0
2385, 0
2386, 0
2387, 0
2388, 0
2389, 0
2390, 0
2391, 0
2392, 0
2393, 0
2394, 0
2395, 0
2396, 0
2397, 0
2398, 0
2399, 0
2400, 0
2401, 0
2402, 0
2403, 0
2404, 0
2405, 0
2406, 0
2407, 0
2408, 0
2409, 0
2410, 0
2411, 0
2412, 0
2413, 0
2414, 0
2415, 0
2416, 0
2417, 0
2418, 0
2419, 0
2420, 0
2421, 0
2422, 0
2423, 0
2424, 0
2425, 0
2426, 0
2427, 0
2428, 0
2429, 0
2430, 0
2431, 0
2432, 0
2433, 0
2434, 0
2435, 0
2436, 0
2437, 0
2438, 0
2439, 0
2440, 0
2441, 0
2442, 0
2443, 0
2444, 0
2445, 0
2446, 0
2447, 0
2448, 0
2449, 0
2450, 0
2451, 0
2452, 0
2453, 0
2454, 0
2455, 0
2456, 0
2457, 0
2458, 0
2459, 0
2460, 0
2461, 0
2462, 0
2463, 0
2464, 0
2465, 0
2466, 0
2467, 0
2468, 0
2469, 0
2470, 0
2471, 0
2472, 0
2473, 0
2474, 0
2475, 0
2476, 0
2477, 0
2478, 0
2479, 0
2480, 0
2481, 0
2482, 0
2483, 0
2484, 0
2485, 0
2486, 0
2487, 0
2488, 0
2489, 0
2490, 0
2491, 0
2492, 0
2493, 0
2494, 0
2495, 0
2496, 0
2497, 0
2498, 0
2499, 0
2500, 0
2501, 0
2502, 0
2503, 0
2504, 0
2505, 0
2506, 0
2507, 0
2508, 0
2509, 0
2510, 0
2511, 0
2512, 0
2513, 0
2514, 0
2515, 0
2516, 0
2517, 0
2518, 0
2519, 0
2520, 0
2521, 0
2522, 0
2523, 0
2524, 0
2525, 0
2526, 0
2527, 0
2528, 0
2529, 0
2530, 0
2531, 0
2532, 0
2533, 0
2534, 0
2535, 0
2536, 0
2537, 0
2538, 0
2539, 0
2540, 0
2541, 0
2542, 0
2543, 0
2544, 0
2545, 0
2546, 0
2547, 0
2548, 0
2549, 0
2550, 0
2551, 0
2552, 0
2553, 0
2554, 0
2555, 0
2556, 0
2557, 0
2558, 0
2559, 0
2560, 0
2561, 0
2562, 0
2563, 0
2564, 0
2565, 0
2566, 0
2567, 0
2568, 0
2569, 0
2570, 0
2571, 0
2572, 0
2573, 0
2574, 0
2575, 0
2576, 0
2577, 0
2578, 0
2579, 0
2580, 0
2581, 0
2582, 0
2583, 0
2584, 0
2585, 0
2586, 0
2587, 0
2588, 0
2589, 0
2590, 0
2591, 0
2592, 0
2593, 0
2594, 0
2595, 0
2596, 0
2597, 0
2598, 0
2599, 0
2600, 0
2601, 0
2602, 0
2603, 0
2604, 0
2605, 0
2606, 0
2607, 0
2608, 0
2609, 0
2610, 0
2611, 0
2612, 0
2613, 0
2614, 0
2615, 0
2616, 0
2617, 0
2618, 0
2619, 0
2620, 0
2621, 0
2622, 0
2623, 0
2624, 0
2625, 0
2626, 0
2627, 0
2628, 0
2629, 0
2630, 0
2631, 0
2632, 0
2633, 0
2634, 0
2635, 0
2636, 0
2637, 0
2638, 0
2639, 0
2640, 0
2641, 0
2642, 0
2643, 0
2644, 0
2645, 0
2646, 0
2647, 0
2648, 0
2649, 0
2650, 0
2651, 0
2652, 0
2653, 0
2654, 0
2655, 0
2656, 0
2657, 0
2658, 0
2659, 0
2660, 0
2661, 0
2662, 0
2663, 0
2664, 0
2665, 0
2666, 0
2667, 0
2668, 0
2669, 0
2670, 0
2671, 0
2672, 0
2673, 0
2674, 0
2675, 0
2676, 0
2677, 0
2678, 0
2679, 0
2680, 0
2681, 0
2682, 0
2683, 0
2684, 0
2685, 0
2686, 0
2687, 0
2688, 0
2689, 0
2690, 0
2691, 0
2692, 0
2693, 0
2694, 0
2695, 0
2696, 0
2697, 0
2698, 0
2699, 0
2700, 0
2701, 0
2702, 0
2703, 0
2704, 0
2705, 0
2706, 0
2707, 0
2708, 0
2709, 0
2710, 0
2711, 0
2712, 0
2713, 0
2714, 0
2715, 0
2716, 0
2717, 0
2718, 0
2719, 0
2720, 0
2721, 0
2722, 0
2723, 0
2724, 0
2725, 0
2726, 0
2727, 0
2728, 0
2729, 0
2730, 0
2731, 0
2732, 0
2733, 0
2734, 0
2735, 0
2736, 0
2737, 0
2738, 0
2739, 0
2740, 0
2741, 0
2742, 0
2743, 0
2744, 0
2745, 0
2746, 0
2747, 0
2748, 0
2749, 0
2750, 0
2751, 0
2752, 0
2753, 0
2754, 0
2755, 0
2756, 0
2757, 0
2758, 0
2759, 0
2760, 0
2761, 0
2762, 0
2763, 0
2764, 0
2765, 0
2766, 0
2767, 0
2768, 0
2769, 0
2770, 0
2771, 0
2772, 0
2773, 0
2774, 0
2775, 0
2776, 0
2777, 0
2778, 0
2779, 0
2780, 0
2781, 0
2782, 0
2783, 0
2784, 0
2785, 0
2786, 0
2787, 0
2788, 0
2789, 0
2790, 0
2791, 0
2792, 0
2793, 0
2794, 0
2795, 0
2796, 0
2797, 0
2798, 0
2799, 0
2800, 0
2801, 0
2802, 0
2803, 0
2804, 0
2805, 0
2806, 0
2807, 0
2808, 0
2809, 0
2810, 0
2811, 0
2812, 0
2813, 0
2814, 0
2815, 0
2816, 0
2817, 0
2818, 0
2819, 0
2820, 0
2821, 0
2822, 0
2823, 0
2824, 0
2825, 0
2826, 0
2827, 0
2828, 0
2829, 0
2830, 0
2831, 0
2832, 0
2833, 0
2834, 0
2835, 0
2836, 0
2837, 0
2838, 0
2839, 0
2840, 0
2841, 0
2842, 0
2843, 0
2844, 0
2845, 0
2846, 0
2847, 0
2848, 0
2849, 0
2850, 0
2851, 0
2852, 0
2853, 0
2854, 0
2855, 0
2856, 0
2857, 0
2858, 0
2859, 0
2860, 0
2861, 0
2862, 0
2863, 0
2864, 0
2865, 0
2866, 0
2867, 0
2868, 0
2869, 0
2870, 0
2871, 0
2872, 0
2873, 0
2874, 0
2875, 0
2876, 0
2877, 0
2878, 0
2879, 0
2880, 0
2881, 0
2882, 0
2883, 0
2884, 0
2885, 0
2886, 0
2887, 0
2888, 0
2889, 0
2890, 0
2891, 0
2892, 0
2893, 0
2894, 0
2895, 0
2896, 0
2897, 0
2898, 0
2899, 0
2900, 0
2901, 0
2902, 0
2903, 0
2904, 0
2905, 0
2906, 0
2907, 0
2908, 0
2909, 0
2910, 0
2911, 0
2912, 0
2913, 0
2914, 0
2915, 0
2916, 0
2917, 0
2918, 0
2919, 0
2920, 0
2921, 0
2922, 0
2923, 0
2924, 0
2925, 0
2926, 0
2927, 0
2928, 0
2929, 0
2930, 0
2931, 0
2932, 0
2933, 0
2934, 0
2935, 0
2936, 0
2937, 0
2938, 0
2939, 0
2940, 0
2941, 0
2942, 0
2943, 0
2944, 0
2945, 0
2946, 0
2947, 0
2948, 0
2949, 0
2950, 0
2951, 0
2952, 0
2953, 0
2954, 0
2955, 0
2956, 0
2957, 0
2958, 0
2959, 0
2960, 0
2961, 0
2962, 0
2963, 0
2964, 0
2965, 0
2966, 0
2967, 0
2968, 0
2969, 0
2970, 0
2971, 0
2972, 0
2973, 0
2974, 0
2975, 0
2976, 0
2977, 0
2978, 0
2979, 0
2980, 0
2981, 0
2982, 0
2983, 0
2984, 0
2985, 0
2986, 0
2987, 0
2988, 0
2989, 0
2990, 0
2991, 0
2992, 0
2993, 0
2994, 0
2995, 0
2996, 0
2997, 0
2998, 0
2999, 0
