0, 103.113304981011
1, 103.113304981011
2, 103.113304981011
3, 96.598884252607
4, 96.598884252607
5, 75.8018944615509
6, 75.8018944615509
7, 75.8018944615509
8, 75.8018944615509
9, 75.8018944615509
10, 75.8018944615509
11, 75.8018944615509
12, 75.8018944615509
13, 75.8018944615509
14, 75.8018944615509
15, 62.2689084508964
16, 62.2689084508964
17, 62.2689084508964
18, 62.2689084508964
19, 62.2689084508964
20, 62.2689084508964
21, 62.2689084508964
22, 44.1866565210012
23, 44.1866565210012
24, 44.1866565210012
25, 44.1866565210012
26, 44.1866565210012
27, 44.1866565210012
28, 44.1866565210012
29, 44.1866565210012
30, 44.1866565210012
31, 44.1866565210012
32, 44.1866565210012
33, 44.1866565210012
34, 44.1866565210012
35, 44.1866565210012
36, 44.1866565210012
37, 44.1866565210012
38, 44.1866565210012
39, 44.1866565210012
40, 44.1866565210012
41, 44.1866565210012
42, 40.842852038594
43, 40.842852038594
44, 30.7442601224965
45, 30.7442601224965
46, 30.7442601224965
47, 30.7442601224965
48, 30.7442601224965
49, 30.7442601224965
50, 30.7442601224965
51, 30.7442601224965
52, 30.7442601224965
53, 30.7442601224965
54, 30.7442601224965
55, 30.7442601224965
56, 30.7442601224965
57, 30.7442601224965
58, 30.7442601224965
59, 30.7442601224965
60, 30.7442601224965
61, 30.7442601224965
62, 30.7442601224965
63, 30.7442601224965
64, 30.7442601224965
65, 30.7442601224965
66, 30.7442601224965
67, 30.7442601224965
68, 30.7442601224965
69, 30.7442601224965
70, 30.7442601224965
71, 30.7442601224965
72, 30.7442601224965
73, 17.3541947106629
74, 17.3541947106629
75, 17.3541947106629
76, 17.3541947106629
77, 17.3541947106629
78, 17.3541947106629
79, 17.3541947106629
80, 17.3541947106629
81, 17.3541947106629
82, 17.3541947106629
83, 16.2745697758973
84, 16.2745697758973
85, 16.2745697758973
86, 16.2745697758973
87, 16.2745697758973
88, 16.2745697758973
89, 16.2745697758973
90, 16.2745697758973
91, 16.2745697758973
92, 16.2745697758973
93, 16.2745697758973
94, 16.2745697758973
95, 16.2745697758973
96, 16.2745697758973
97, 16.2745697758973
98, 16.2745697758973
99, 16.2745697758973
100, 16.2745697758973
101, 16.2745697758973
102, 16.2745697758973
103, 16.2745697758973
104, 16.2745697758973
105, 16.2745697758973
106, 16.2745697758973
107, 16.2745697758973
108, 16.2745697758973
109, 16.2745697758973
110, 16.2745697758973
111, 16.2745697758973
112, 16.2745697758973
113, 16.2745697758973
114, 16.2745697758973
115, 16.2745697758973
116, 16.2745697758973
117, 16.2745697758973
118, 16.2745697758973
119, 16.2745697758973
120, 16.2745697758973
121, 16.2745697758973
122, 16.2745697758973
123, 16.2745697758973
124, 16.2745697758973
125, 16.2745697758973
126, 16.2745697758973
127, 16.2745697758973
128, 16.2745697758973
129, 16.2745697758973
130, 16.2745697758973
131, 16.2745697758973
132, 16.2745697758973
133, 16.2745697758973
134, 16.2745697758973
135, 16.2745697758973
136, 16.2745697758973
137, 16.2745697758973
138, 16.2745697758973
139, 16.2745697758973
140, 16.2745697758973
141, 16.2745697758973
142, 16.2745697758973
143, 16.2745697758973
144, 16.2745697758973
145, 16.2745697758973
146, 15.8683686524047
147, 15.8683686524047
148, 15.8683686524047
149, 15.8683686524047
150, 15.8683686524047
151, 15.8683686524047
152, 15.8683686524047
153, 15.8683686524047
154, 15.8683686524047
155, 15.8683686524047
156, 15.8683686524047
157, 15.8683686524047
158, 15.8683686524047
159, 15.8683686524047
160, 15.8683686524047
161, 15.8683686524047
162, 15.8683686524047
163, 15.8683686524047
164, 15.8683686524047
165, 15.8683686524047
166, 14.5518350340504
167, 14.4869367652501
168, 14.304290214144
169, 14.304290214144
170, 14.3002394813228
171, 14.3002394813228
172, 14.3002394813228
173, 14.3002394813228
174, 14.3002394813228
175, 14.3002394813228
176, 14.3002394813228
177, 14.3002394813228
178, 14.3002394813228
179, 14.3002394813228
180, 14.3002394813228
181, 14.3002394813228
182, 14.3002394813228
183, 11.2272752057038
184, 11.2272752057038
185, 11.2272752057038
186, 11.2272752057038
187, 11.2272752057038
188, 11.2272752057038
189, 11.2272752057038
190, 11.2272752057038
191, 11.2272752057038
192, 11.2272752057038
193, 11.2272752057038
194, 11.2272752057038
195, 11.2272752057038
196, 11.2272752057038
197, 11.2272752057038
198, 11.2272752057038
199, 11.2272752057038
200, 11.2272752057038
201, 11.2272752057038
202, 11.2272752057038
203, 11.2272752057038
204, 11.2272752057038
205, 11.2272752057038
206, 9.14626061995027
207, 9.14626061995027
208, 9.14626061995027
209, 9.14626061995027
210, 9.14626061995027
211, 9.14626061995027
212, 9.14626061995027
213, 9.14626061995027
214, 8.88406473280525
215, 8.88406473280525
216, 8.88406473280525
217, 8.88406473280525
218, 8.88406473280525
219, 8.88406473280525
220, 8.88406473280525
221, 8.88406473280525
222, 8.88406473280525
223, 8.88406473280525
224, 8.88406473280525
225, 8.88406473280525
226, 8.88406473280525
227, 8.88406473280525
228, 8.88406473280525
229, 8.88406473280525
230, 8.88406473280525
231, 8.88406473280525
232, 8.88406473280525
233, 8.88406473280525
234, 8.88406473280525
235, 8.88406473280525
236, 8.88406473280525
237, 8.34069037031485
238, 8.34069037031485
239, 8.34069037031485
240, 8.34069037031485
241, 8.34069037031485
242, 8.34069037031485
243, 8.34069037031485
244, 8.34069037031485
245, 8.34069037031485
246, 8.34069037031485
247, 8.34069037031485
248, 8.34069037031485
249, 8.34069037031485
250, 8.34069037031485
251, 8.34069037031485
252, 8.34069037031485
253, 8.34069037031485
254, 8.34069037031485
255, 8.34069037031485
256, 8.34069037031485
257, 8.34069037031485
258, 8.34069037031485
259, 8.34069037031485
260, 8.34069037031485
261, 7.80718214541475
262, 7.80718214541475
263, 7.80718214541475
264, 7.80718214541475
265, 7.80718214541475
266, 7.80718214541475
267, 7.80718214541475
268, 7.80718214541475
269, 7.80718214541475
270, 7.80718214541475
271, 7.80718214541475
272, 7.80718214541475
273, 7.80718214541475
274, 7.80718214541475
275, 7.33782424368209
276, 7.33782424368209
277, 7.33782424368209
278, 7.33782424368209
279, 7.33782424368209
280, 7.33782424368209
281, 7.33782424368209
282, 7.33782424368209
283, 7.33782424368209
284, 7.33782424368209
285, 7.33782424368209
286, 7.33782424368209
287, 7.33782424368209
288, 7.33782424368209
289, 7.33782424368209
290, 7.33782424368209
291, 7.33782424368209
292, 7.33782424368209
293, 7.33782424368209
294, 7.33782424368209
295, 7.33782424368209
296, 7.33782424368209
297, 7.33782424368209
298, 7.33782424368209
299, 6.94900286059675
300, 6.94900286059675
301, 6.94900286059675
302, 6.94900286059675
303, 6.94900286059675
304, 6.94900286059675
305, 6.94900286059675
306, 6.94900286059675
307, 6.94900286059675
308, 6.94900286059675
309, 6.94900286059675
310, 6.94900286059675
311, 6.94900286059675
312, 6.94900286059675
313, 6.94900286059675
314, 6.94900286059675
315, 6.94900286059675
316, 6.94900286059675
317, 6.94900286059675
318, 6.94900286059675
319, 6.94900286059675
320, 6.52985771520611
321, 6.52985771520611
322, 6.52985771520611
323, 6.52985771520611
324, 6.52985771520611
325, 6.52985771520611
326, 6.52985771520611
327, 6.52985771520611
328, 6.52985771520611
329, 6.52985771520611
330, 6.52985771520611
331, 6.52985771520611
332, 6.52985771520611
333, 6.52985771520611
334, 6.52985771520611
335, 6.52985771520611
336, 6.52985771520611
337, 6.52985771520611
338, 6.52985771520611
339, 6.52985771520611
340, 6.52985771520611
341, 6.52985771520611
342, 6.52985771520611
343, 6.52985771520611
344, 6.52985771520611
345, 6.52985771520611
346, 6.52985771520611
347, 6.52985771520611
348, 6.52985771520611
349, 6.52985771520611
350, 6.52985771520611
351, 6.52985771520611
352, 6.52985771520611
353, 6.52985771520611
354, 6.52985771520611
355, 6.52985771520611
356, 6.52985771520611
357, 4.54121588468735
358, 4.54121588468735
359, 3.64103101630938
360, 3.64103101630938
361, 3.55386947700369
362, 3.55386947700369
363, 3.55386947700369
364, 3.55386947700369
365, 3.55386947700369
366, 3.55386947700369
367, 3.55386947700369
368, 3.55386947700369
369, 3.55386947700369
370, 3.55386947700369
371, 3.55386947700369
372, 3.38668391773996
373, 3.38668391773996
374, 3.38668391773996
375, 3.38668391773996
376, 3.38668391773996
377, 3.38668391773996
378, 3.38668391773996
379, 2.88812978228442
380, 2.88812978228442
381, 2.88812978228442
382, 2.88812978228442
383, 2.88812978228442
384, 2.88812978228442
385, 2.88812978228442
386, 2.88812978228442
387, 2.88812978228442
388, 2.78860730014921
389, 2.78860730014921
390, 1.99997634878833
391, 1.99997634878833
392, 1.99997634878833
393, 1.99997634878833
394, 1.99997634878833
395, 1.99997634878833
396, 1.99997634878833
397, 1.99997634878833
398, 1.99997634878833
399, 1.99997634878833
400, 1.99997634878833
401, 1.99997634878833
402, 1.99997634878833
403, 1.7963782023497
404, 1.7963782023497
405, 1.7963782023497
406, 1.7963782023497
407, 1.50032177978218
408, 1.50032177978218
409, 1.50032177978218
410, 1.50032177978218
411, 1.43772598551036
412, 1.43772598551036
413, 1.43772598551036
414, 1.43772598551036
415, 1.43772598551036
416, 1.43772598551036
417, 1.43772598551036
418, 1.22588475484588
419, 1.22588475484588
420, 1.22588475484588
421, 1.22588475484588
422, 1.22588475484588
423, 1.22588475484588
424, 1.22588475484588
425, 1.22588475484588
426, 1.22588475484588
427, 1.22588475484588
428, 1.22588475484588
429, 1.22588475484588
430, 1.22588475484588
431, 1.22588475484588
432, 1.22588475484588
433, 1.22588475484588
434, 1.22588475484588
435, 1.22588475484588
436, 1.22588475484588
437, 1.22588475484588
438, 1.22588475484588
439, 1.22588475484588
440, 1.22588475484588
441, 1.22588475484588
442, 1.22588475484588
443, 1.22588475484588
444, 1.22588475484588
445, 1.16470638137705
446, 1.16470638137705
447, 1.16470638137705
448, 1.16470638137705
449, 1.16470638137705
450, 1.16445347373019
451, 1.16445347373019
452, 1.16445347373019
453, 1.16445347373019
454, 1.16445347373019
455, 1.16445347373019
456, 1.16445347373019
457, 1.16445347373019
458, 1.16445347373019
459, 1.16445347373019
460, 1.16445347373019
461, 1.16445347373019
462, 1.16445347373019
463, 1.16327436636825
464, 1.0910446803448
465, 1.08176414842187
466, 1.08176414842187
467, 1.08176414842187
468, 1.08176414842187
469, 1.08176414842187
470, 1.08176414842187
471, 1.08176414842187
472, 1.08176414842187
473, 1.08176414842187
474, 1.05931525935255
475, 1.05931525935255
476, 1.05931525935255
477, 1.05931525935255
478, 1.05931525935255
479, 1.05931525935255
480, 1.05931525935255
481, 1.05931525935255
482, 1.05931525935255
483, 1.00765677232594
484, 1.00765677232594
485, 1.00765677232594
486, 1.00765677232594
487, 1.00765677232594
488, 1.00765677232594
489, 1.00765677232594
490, 1.00765677232594
491, 1.00765677232594
492, 1.00765677232594
493, 1.00765677232594
494, 1.00765677232594
495, 1.00765677232594
496, 1.00765677232594
497, 1.00765677232594
498, 1.00765677232594
499, 1.00765677232594
500, 1.00765677232594
501, 1.00765677232594
502, 1.00765677232594
503, 1.00765677232594
504, 1.00765677232594
505, 1.00765677232594
506, 1.00765677232594
507, 1.00765677232594
508, 1.00594984312466
509, 0.9996611458334
510, 0.9996611458334
511, 0.9996611458334
512, 0.9996611458334
513, 0.9996611458334
514, 0.9996611458334
515, 0.999641409523621
516, 0.999641409523621
517, 0.999641409523621
518, 0.999641409523621
519, 0.999641409523621
520, 0.9996105009537
521, 0.99956719803618
522, 0.99956719803618
523, 0.99956719803618
524, 0.99956719803618
525, 0.998921606635026
526, 0.998921606635026
527, 0.998921606635026
528, 0.998921606635026
529, 0.998921606635026
530, 0.998802671387859
531, 0.998802671387859
532, 0.998802671387859
533, 0.998802671387859
534, 0.998781099438936
535, 0.998425645350467
536, 0.998425645350467
537, 0.998425645350467
538, 0.998425645350467
539, 0.998221706305554
540, 0.998221706305554
541, 0.998221706305554
542, 0.998221706305554
543, 0.998221706305554
544, 0.997982702219833
545, 0.997982702219833
546, 0.997982702219833
547, 0.997982702219833
548, 0.997982702219833
549, 0.996967819216589
550, 0.996664755014248
551, 0.996664755014248
552, 0.996664755014248
553, 0.996664755014248
554, 0.996664755014248
555, 0.996664755014248
556, 0.996664755014248
557, 0.996664755014248
558, 0.996664755014248
559, 0.996664755014248
560, 0.996664755014248
561, 0.996664755014248
562, 0.996071671484909
563, 0.995713835176659
564, 0.995713835176659
565, 0.995713835176659
566, 0.995640923046949
567, 0.995619783033845
568, 0.995619783033845
569, 0.995619783033845
570, 0.995619783033845
571, 0.995619783033845
572, 0.995619783033845
573, 0.995619783033845
574, 0.995619783033845
575, 0.995619783033845
576, 0.995490505601367
577, 0.995490505601367
578, 0.995490505601367
579, 0.995481475831735
580, 0.995481475831735
581, 0.995481475831735
582, 0.995481475831735
583, 0.995481475831735
584, 0.995308153621245
585, 0.995308153621245
586, 0.995308153621245
587, 0.995308153621245
588, 0.995308153621245
589, 0.995308153621245
590, 0.995308153621245
591, 0.995268248721429
592, 0.995268248721429
593, 0.995268248721429
594, 0.995239541344084
595, 0.995239541344084
596, 0.995235880081886
597, 0.995235880081886
598, 0.995235880081886
599, 0.995235880081886
600, 0.995235880081886
601, 0.995197814734881
602, 0.995197814734881
603, 0.995197814734881
604, 0.995197814734881
605, 0.995181929708695
606, 0.995181929708695
607, 0.995156850123875
608, 0.995156850123875
609, 0.995156850123875
610, 0.995156850123875
611, 0.995156850123875
612, 0.995156850123875
613, 0.995156850123875
614, 0.995156850123875
615, 0.995156850123875
616, 0.995156850123875
617, 0.995156850123875
618, 0.995156850123875
619, 0.995150284375608
620, 0.995150284375608
621, 0.995150284375608
622, 0.995150284375608
623, 0.995150284375608
624, 0.995150284375608
625, 0.995150284375608
626, 0.995150284375608
627, 0.995150284375608
628, 0.995147043548544
629, 0.995115162248437
630, 0.995091318463448
631, 0.995091318463448
632, 0.995091318463448
633, 0.995067948032213
634, 0.995067948032213
635, 0.99505235108106
636, 0.99505235108106
637, 0.99505235108106
638, 0.99505235108106
639, 0.99505235108106
640, 0.99505235108106
641, 0.99505235108106
642, 0.99505235108106
643, 0.99505235108106
644, 0.99505235108106
645, 0.995028990447249
646, 0.995028990447249
647, 0.995028990447249
648, 0.995028990447249
649, 0.995008658046883
650, 0.995008658046883
651, 0.995008658046883
652, 0.995008658046883
653, 0.995008658046883
654, 0.995005756809752
655, 0.995005756809752
656, 0.995005756809752
657, 0.995005756809752
658, 0.995005756809752
659, 0.995005756809752
660, 0.995005756809752
661, 0.995005756809752
662, 0.995005756809752
663, 0.995005756809752
664, 0.995005756809752
665, 0.995005756809752
666, 0.995005756809752
667, 0.995005756809752
668, 0.994997802374755
669, 0.994997802374755
670, 0.994991817711233
671, 0.994991817711233
672, 0.994990552904067
673, 0.994990552904067
674, 0.994990552904067
675, 0.994990552904067
676, 0.994990552904067
677, 0.994990552904067
678, 0.994990552904067
679, 0.994987853877804
680, 0.99498613091138
681, 0.99498613091138
682, 0.99498613091138
683, 0.99498613091138
684, 0.99498613091138
685, 0.99498613091138
686, 0.994984111964227
687, 0.994984111964227
688, 0.994982485357287
689, 0.994982485357287
690, 0.994982485357287
691, 0.994981869703588
692, 0.994981869703588
693, 0.994981869703588
694, 0.994979350793844
695, 0.994979350793844
696, 0.994979350793844
697, 0.994978070058874
698, 0.994978002093653
699, 0.994978002093653
700, 0.994978002093653
701, 0.994978002093653
702, 0.994977345099915
703, 0.994977345099915
704, 0.994977345099915
705, 0.994977345099915
706, 0.994977345099915
707, 0.994977345099915
708, 0.994977345099915
709, 0.994977345099915
710, 0.994977345099915
711, 0.994977345099915
712, 0.994977345099915
713, 0.994977345099915
714, 0.994976714195063
715, 0.994976714195063
716, 0.994976042816306
717, 0.994976042816306
718, 0.994976042816306
719, 0.994976042816306
720, 0.994976042816306
721, 0.994976026878755
722, 0.994976026878755
723, 0.994976026878755
724, 0.994976026878755
725, 0.99497588274215
726, 0.99497588274215
727, 0.99497588274215
728, 0.99497588274215
729, 0.994975625138055
730, 0.994975172083223
731, 0.994975172083223
732, 0.9949744364132
733, 0.9949744364132
734, 0.994974311880599
735, 0.994974311880599
736, 0.994974311880599
737, 0.994973963785306
738, 0.994973960964593
739, 0.994973960964593
740, 0.994973960964593
741, 0.994973581723551
742, 0.994972046996267
743, 0.994972046996267
744, 0.994972046996267
745, 0.994972046996267
746, 0.994971780536371
747, 0.994971780536371
748, 0.994971780536371
749, 0.99497124104129
750, 0.994970477365612
751, 0.994969647205901
752, 0.994969647205901
753, 0.994969647205901
754, 0.994969615581843
755, 0.994969593470547
756, 0.994969593470547
757, 0.994969214823728
758, 0.994968106727821
759, 0.994968106727821
760, 0.994968106727821
761, 0.994968106727821
762, 0.994968106727821
763, 0.994968106727821
764, 0.994967255317972
765, 0.994967255317972
766, 0.994967255317972
767, 0.994967255317972
768, 0.994967255317972
769, 0.994967255317972
770, 0.994967255317972
771, 0.994967255317972
772, 0.994967255317972
773, 0.994967255317972
774, 0.994967255317972
775, 0.994967255317972
776, 0.994967162192369
777, 0.994967162192369
778, 0.994967162192369
779, 0.994967162192369
780, 0.994967162192369
781, 0.994967001908085
782, 0.994966785701893
783, 0.994966785701893
784, 0.994966785701893
785, 0.994966785701893
786, 0.994966785701893
787, 0.994966785701893
788, 0.994966677349595
789, 0.994966677349595
790, 0.994966107669784
791, 0.994966107669784
792, 0.994966107669784
793, 0.994966107669784
794, 0.994965971685557
795, 0.994965971685557
796, 0.994965841201997
797, 0.994965531755177
798, 0.994965393174336
799, 0.994965393174336
800, 0.994965393174336
801, 0.994965393174336
802, 0.994965393174336
803, 0.994965316921137
804, 0.994965316921137
805, 0.994965316921137
806, 0.99496501759066
807, 0.994964953314671
808, 0.994964925736264
809, 0.994964677148511
810, 0.994964643178593
811, 0.994964643178593
812, 0.994964335806943
813, 0.994964302738847
814, 0.994964249344344
815, 0.994964249344344
816, 0.994964249344344
817, 0.994963448769758
818, 0.994963305091011
819, 0.994963273733067
820, 0.994963273733067
821, 0.994963225882492
822, 0.994961637488311
823, 0.994961637488311
824, 0.994961637488311
825, 0.994961637488311
826, 0.994960963711019
827, 0.994960963711019
828, 0.994960963711019
829, 0.994960963711019
830, 0.994960963711019
831, 0.994960963711019
832, 0.994960840589735
833, 0.994960840589735
834, 0.994960840589735
835, 0.994960840589735
836, 0.994960840589735
837, 0.994960840589735
838, 0.994960674137538
839, 0.99496060132388
840, 0.994960483990386
841, 0.994960483990386
842, 0.994960483990386
843, 0.994960483990386
844, 0.994960445694794
845, 0.994960445694794
846, 0.994960445694794
847, 0.994960445694794
848, 0.994960445694794
849, 0.994960445694794
850, 0.994960339202365
851, 0.994960339202365
852, 0.994960267932337
853, 0.994960267932337
854, 0.994960200374953
855, 0.994960117551512
856, 0.994960117551512
857, 0.994960117551512
858, 0.994960117551512
859, 0.994960117551512
860, 0.994959939459632
861, 0.994959939459632
862, 0.994959939459632
863, 0.994959939459632
864, 0.994959939459632
865, 0.994959939459632
866, 0.994959939459632
867, 0.994959939459632
868, 0.994959939459632
869, 0.994959939459632
870, 0.994959939459632
871, 0.994959939459632
872, 0.994959939459632
873, 0.994959939459632
874, 0.994959939459632
875, 0.994959939459632
876, 0.994959939459632
877, 0.994959856132921
878, 0.994959843836435
879, 0.994959843836435
880, 0.994959843836435
881, 0.994959843836435
882, 0.99495978659915
883, 0.99495978659915
884, 0.99495978659915
885, 0.994959777065295
886, 0.994959777065295
887, 0.994959774319369
888, 0.994959774319369
889, 0.994959774319369
890, 0.994959724846334
891, 0.994959724846334
892, 0.994959724846334
893, 0.994959673220597
894, 0.994959673220597
895, 0.994959673220597
896, 0.9949596282658
897, 0.994959549113355
898, 0.994959549113355
899, 0.994959549113355
900, 0.994959538738955
901, 0.994959493121492
902, 0.994959493121492
903, 0.994959434406709
904, 0.994959421820957
905, 0.994959382489563
906, 0.994959382489563
907, 0.994959382489563
908, 0.994959382489563
909, 0.99495930289004
910, 0.99495930289004
911, 0.99495930289004
912, 0.994959292404431
913, 0.994959292404431
914, 0.994959292404431
915, 0.994959215389894
916, 0.994959215389894
917, 0.994959197943381
918, 0.994959157526612
919, 0.994959157526612
920, 0.994959157526612
921, 0.994959157526612
922, 0.994959146363026
923, 0.994959146363026
924, 0.994959146363026
925, 0.994959146363026
926, 0.994959146363026
927, 0.994959146363026
928, 0.994959146363026
929, 0.994959143081887
930, 0.994959143081887
931, 0.994959140481019
932, 0.994959128226741
933, 0.994959128226741
934, 0.9949591019666
935, 0.9949591019666
936, 0.9949591019666
937, 0.9949591019666
938, 0.9949591019666
939, 0.994959101746943
940, 0.994959100762113
941, 0.994959100762113
942, 0.994959100762113
943, 0.994959100762113
944, 0.994959100294144
945, 0.994959100294144
946, 0.994959100294144
947, 0.994959100294144
948, 0.994959100294144
949, 0.994959100294144
950, 0.994959100294144
951, 0.994959100294144
952, 0.994959100294144
953, 0.994959096048037
954, 0.994959090969042
955, 0.994959090250132
956, 0.994959089303338
957, 0.994959089303338
958, 0.994959086531429
959, 0.994959086531429
960, 0.994959086531429
961, 0.994959086531429
962, 0.994959082721348
963, 0.994959082721348
964, 0.994959082721348
965, 0.994959082721348
966, 0.994959082721348
967, 0.994959080094199
968, 0.994959080094199
969, 0.994959080094199
970, 0.994959080094199
971, 0.994959080094199
972, 0.994959080094199
973, 0.994959080094199
974, 0.994959079875443
975, 0.994959079875443
976, 0.994959079875443
977, 0.994959079875443
978, 0.994959079875443
979, 0.994959079875443
980, 0.994959079875443
981, 0.994959079875443
982, 0.994959079875443
983, 0.994959079875443
984, 0.994959079875443
985, 0.994959079875443
986, 0.994959079875443
987, 0.994959079472526
988, 0.994959079472526
989, 0.994959079472526
990, 0.994959079472526
991, 0.994959078941763
992, 0.994959078601232
993, 0.994959078601232
994, 0.994959078135999
995, 0.994959077693489
996, 0.994959077693489
997, 0.994959075437938
998, 0.994959075437938
999, 0.994959075437938
1000, 0.994959071860865
1001, 0.994959068395977
1002, 0.994959068343075
1003, 0.994959068343075
1004, 0.994959068343075
1005, 0.994959068343075
1006, 0.994959068343075
1007, 0.994959068343075
1008, 0.994959067949827
1009, 0.994959067949827
1010, 0.994959067949827
1011, 0.994959067949827
1012, 0.994959067949827
1013, 0.994959067949827
1014, 0.994959067949827
1015, 0.994959067130848
1016, 0.994959067130848
1017, 0.994959066926985
1018, 0.994959066926985
1019, 0.994959066926985
1020, 0.994959066926985
1021, 0.994959066879103
1022, 0.994959066879103
1023, 0.994959066879103
1024, 0.994959066879103
1025, 0.994959066879103
1026, 0.994959066879103
1027, 0.994959066879103
1028, 0.994959066879103
1029, 0.994959066879103
1030, 0.994959066879103
1031, 0.994959066879103
1032, 0.994959066879103
1033, 0.994959066879103
1034, 0.994959066879103
1035, 0.994959066879103
1036, 0.994959066879103
1037, 0.994959066879103
1038, 0.994959066879103
1039, 0.994959066879103
1040, 0.994959066879103
1041, 0.994959066879103
1042, 0.994959066879103
1043, 0.994959066834348
1044, 0.994959066834348
1045, 0.994959066834348
1046, 0.994959066553541
1047, 0.99495906655336
1048, 0.994959065437728
1049, 0.994959065437728
1050, 0.994959064306274
1051, 0.994959064306274
1052, 0.994959064306274
1053, 0.994959064306274
1054, 0.994959059644357
1055, 0.994959059644357
1056, 0.994959059644357
1057, 0.994959059644357
1058, 0.994959059644357
1059, 0.994959059602085
1060, 0.994959059602085
1061, 0.994959059602085
1062, 0.994959059602085
1063, 0.994959059468554
1064, 0.994959059468554
1065, 0.994959059468554
1066, 0.99495905944365
1067, 0.99495905944365
1068, 0.99495905944365
1069, 0.99495905944365
1070, 0.994959058422833
1071, 0.994959058422833
1072, 0.994959058422833
1073, 0.994959058138114
1074, 0.994959058138114
1075, 0.994959058138114
1076, 0.994959058083465
1077, 0.994959058083465
1078, 0.994959058083465
1079, 0.994959058083465
1080, 0.994959058083465
1081, 0.994959058083465
1082, 0.994959058083465
1083, 0.994959058083465
1084, 0.994959057786367
1085, 0.994959057562195
1086, 0.99495905730898
1087, 0.99495905730898
1088, 0.99495905730898
1089, 0.994959057308739
1090, 0.994959057308739
1091, 0.994959057308739
1092, 0.994959057308739
1093, 0.994959057308739
1094, 0.994959057308739
1095, 0.994959057308186
1096, 0.994959057274931
1097, 0.994959057274931
1098, 0.994959057274931
1099, 0.994959057274931
1100, 0.994959057274931
1101, 0.994959057274931
1102, 0.994959057274931
1103, 0.994959057262303
1104, 0.994959057262303
1105, 0.994959057262303
1106, 0.994959057262303
1107, 0.994959057262303
1108, 0.994959057262303
1109, 0.994959057262303
1110, 0.994959057262303
1111, 0.994959057262303
1112, 0.994959057261729
1113, 0.994959057261729
1114, 0.994959057236773
1115, 0.994959057236773
1116, 0.994959057236773
1117, 0.994959057236773
1118, 0.994959057236773
1119, 0.994959057236773
1120, 0.994959057236773
1121, 0.994959057217258
1122, 0.994959057216233
1123, 0.994959057216233
1124, 0.994959057216233
1125, 0.994959057216233
1126, 0.994959057203722
1127, 0.994959057203722
1128, 0.994959057203722
1129, 0.994959057203722
1130, 0.994959057203722
1131, 0.994959057203722
1132, 0.994959057203722
1133, 0.994959057195627
1134, 0.994959057191766
1135, 0.994959057191766
1136, 0.994959057190984
1137, 0.994959057190984
1138, 0.994959057190984
1139, 0.994959057190984
1140, 0.994959057190984
1141, 0.994959057190984
1142, 0.994959057180369
1143, 0.994959057180369
1144, 0.994959057180369
1145, 0.994959057180369
1146, 0.994959057180369
1147, 0.994959057180369
1148, 0.994959057180369
1149, 0.994959057180369
1150, 0.994959057180369
1151, 0.994959057180116
1152, 0.994959057178779
1153, 0.994959057178779
1154, 0.994959057178779
1155, 0.994959057178779
1156, 0.994959057178779
1157, 0.994959057178779
1158, 0.994959057178779
1159, 0.99495905717608
1160, 0.99495905717608
1161, 0.994959057173087
1162, 0.994959057173087
1163, 0.994959057173087
1164, 0.994959057173087
1165, 0.994959057172901
1166, 0.994959057172901
1167, 0.994959057172901
1168, 0.994959057172901
1169, 0.994959057172821
1170, 0.994959057172821
1171, 0.994959057171997
1172, 0.994959057171988
1173, 0.994959057171988
1174, 0.994959057171988
1175, 0.994959057171345
1176, 0.994959057171345
1177, 0.994959057171345
1178, 0.994959057171345
1179, 0.994959057171345
1180, 0.994959057171345
1181, 0.994959057171345
1182, 0.994959057170652
1183, 0.994959057170652
1184, 0.994959057170318
1185, 0.994959057170318
1186, 0.994959057170263
1187, 0.994959057170114
1188, 0.99495905716919
1189, 0.994959057168895
1190, 0.994959057168451
1191, 0.994959057168451
1192, 0.994959057168451
1193, 0.994959057168451
1194, 0.994959057168451
1195, 0.994959057168451
1196, 0.994959057168451
1197, 0.994959057168451
1198, 0.994959057168451
1199, 0.994959057168451
1200, 0.99495905716843
1201, 0.994959057168291
1202, 0.994959057168291
1203, 0.994959057167806
1204, 0.994959057166879
1205, 0.994959057166879
1206, 0.99495905716679
1207, 0.99495905716679
1208, 0.99495905716679
1209, 0.994959057165319
1210, 0.994959057165319
1211, 0.994959057165319
1212, 0.994959057165319
1213, 0.994959057165319
1214, 0.994959057165319
1215, 0.994959057165319
1216, 0.99495905716523
1217, 0.99495905716523
1218, 0.99495905716523
1219, 0.99495905716523
1220, 0.994959057164543
1221, 0.994959057164543
1222, 0.994959057164543
1223, 0.99495905716419
1224, 0.994959057164101
1225, 0.994959057164101
1226, 0.994959057164101
1227, 0.994959057164101
1228, 0.994959057164101
1229, 0.994959057163857
1230, 0.994959057163397
1231, 0.994959057163067
1232, 0.994959057163001
1233, 0.994959057162708
1234, 0.994959057162708
1235, 0.994959057162617
1236, 0.994959057160958
1237, 0.994959057160248
1238, 0.994959057160248
1239, 0.994959057159052
1240, 0.994959057159052
1241, 0.994959057159052
1242, 0.994959057157775
1243, 0.994959057157775
1244, 0.994959057157093
1245, 0.994959057157093
1246, 0.994959057155176
1247, 0.994959057154645
1248, 0.994959057154645
1249, 0.994959057154645
1250, 0.994959057154645
1251, 0.994959057154645
1252, 0.994959057154645
1253, 0.994959057154645
1254, 0.994959057154645
1255, 0.99495905715454
1256, 0.994959057153515
1257, 0.994959057153515
1258, 0.994959057153311
1259, 0.994959057152565
1260, 0.994959057151174
1261, 0.994959057151014
1262, 0.994959057151014
1263, 0.994959057151014
1264, 0.994959057150878
1265, 0.994959057150266
1266, 0.994959057149273
1267, 0.994959057148847
1268, 0.994959057148847
1269, 0.994959057147758
1270, 0.994959057147758
1271, 0.994959057147758
1272, 0.994959057147758
1273, 0.994959057147332
1274, 0.994959057146769
1275, 0.994959057146769
1276, 0.994959057146646
1277, 0.994959057144698
1278, 0.994959057144698
1279, 0.994959057144124
1280, 0.994959057144092
1281, 0.994959057143895
1282, 0.994959057143895
1283, 0.994959057143895
1284, 0.994959057143895
1285, 0.994959057143856
1286, 0.994959057143804
1287, 0.994959057143804
1288, 0.99495905714341
1289, 0.994959057143346
1290, 0.994959057143346
1291, 0.994959057143346
1292, 0.994959057143346
1293, 0.994959057143346
1294, 0.994959057143124
1295, 0.994959057142291
1296, 0.994959057142291
1297, 0.994959057142291
1298, 0.994959057140917
1299, 0.994959057140917
1300, 0.994959057140917
1301, 0.99495905714082
1302, 0.99495905714082
1303, 0.99495905714082
1304, 0.994959057140811
1305, 0.994959057140811
1306, 0.994959057140811
1307, 0.994959057140679
1308, 0.994959057139317
1309, 0.994959057138471
1310, 0.994959057137535
1311, 0.994959057136173
1312, 0.994959057136173
1313, 0.994959057136173
1314, 0.994959057136173
1315, 0.994959057136173
1316, 0.994959057136173
1317, 0.994959057136173
1318, 0.994959057136173
1319, 0.994959057136173
1320, 0.994959057136173
1321, 0.994959057136173
1322, 0.994959057136173
1323, 0.994959057136132
1324, 0.994959057136132
1325, 0.994959057136132
1326, 0.99495905713612
1327, 0.994959057136112
1328, 0.994959057136112
1329, 0.994959057136112
1330, 0.994959057136093
1331, 0.994959057136093
1332, 0.994959057136093
1333, 0.994959057136093
1334, 0.994959057136093
1335, 0.994959057136093
1336, 0.994959057136093
1337, 0.994959057136093
1338, 0.994959057136093
1339, 0.994959057136093
1340, 0.994959057136093
1341, 0.994959057136091
1342, 0.994959057136091
1343, 0.994959057136086
1344, 0.994959057136086
1345, 0.994959057136086
1346, 0.994959057136059
1347, 0.994959057136059
1348, 0.994959057136059
1349, 0.994959057136059
1350, 0.994959057136038
1351, 0.994959057136038
1352, 0.994959057136038
1353, 0.994959057136038
1354, 0.994959057136038
1355, 0.994959057136038
1356, 0.994959057136038
1357, 0.994959057136038
1358, 0.994959057136038
1359, 0.994959057136017
1360, 0.994959057136017
1361, 0.994959057136017
1362, 0.994959057136017
1363, 0.994959057136017
1364, 0.994959057136017
1365, 0.994959057136017
1366, 0.994959057136017
1367, 0.994959057136017
1368, 0.994959057136017
1369, 0.994959057136017
1370, 0.994959057136017
1371, 0.994959057136017
1372, 0.994959057136017
1373, 0.994959057136017
1374, 0.994959057136017
1375, 0.994959057136015
1376, 0.994959057135926
1377, 0.994959057135926
1378, 0.994959057135926
1379, 0.994959057135919
1380, 0.994959057135919
1381, 0.994959057135919
1382, 0.994959057135919
1383, 0.994959057135919
1384, 0.994959057135919
1385, 0.994959057135919
1386, 0.994959057135919
1387, 0.994959057135919
1388, 0.994959057135919
1389, 0.994959057135919
1390, 0.994959057135919
1391, 0.99495905713591
1392, 0.99495905713591
1393, 0.99495905713591
1394, 0.994959057135862
1395, 0.994959057135045
1396, 0.994959057135045
1397, 0.994959057135045
1398, 0.99495905713497
1399, 0.99495905713496
1400, 0.99495905713496
1401, 0.99495905713496
1402, 0.99495905713496
1403, 0.99495905713496
1404, 0.99495905713477
1405, 0.99495905713477
1406, 0.99495905713477
1407, 0.99495905713477
1408, 0.99495905713477
1409, 0.994959057134764
1410, 0.994959057134764
1411, 0.994959057134764
1412, 0.994959057134764
1413, 0.994959057134714
1414, 0.994959057134714
1415, 0.994959057134714
1416, 0.994959057134714
1417, 0.994959057134714
1418, 0.994959057134714
1419, 0.994959057134714
1420, 0.994959057134714
1421, 0.994959057134714
1422, 0.994959057134714
1423, 0.994959057134267
1424, 0.994959057134249
1425, 0.994959057134249
1426, 0.994959057133956
1427, 0.994959057133956
1428, 0.994959057133602
1429, 0.994959057133082
1430, 0.994959057133082
1431, 0.994959057133082
1432, 0.994959057132858
1433, 0.994959057132858
1434, 0.994959057132858
1435, 0.994959057132858
1436, 0.994959057132858
1437, 0.994959057132858
1438, 0.994959057132858
1439, 0.994959057132858
1440, 0.994959057132858
1441, 0.994959057132858
1442, 0.994959057132858
1443, 0.994959057132856
1444, 0.994959057132856
1445, 0.994959057132856
1446, 0.994959057132697
1447, 0.994959057132673
1448, 0.994959057132647
1449, 0.994959057132643
1450, 0.994959057132643
1451, 0.994959057132643
1452, 0.994959057132643
1453, 0.994959057132643
1454, 0.994959057132643
1455, 0.994959057132643
1456, 0.994959057132643
1457, 0.994959057132643
1458, 0.994959057132643
1459, 0.994959057132535
1460, 0.994959057132508
1461, 0.99495905713245
1462, 0.994959057132434
1463, 0.99495905713243
1464, 0.994959057132412
1465, 0.99495905713226
1466, 0.994959057131897
1467, 0.994959057131897
1468, 0.994959057131869
1469, 0.994959057131869
1470, 0.994959057131869
1471, 0.994959057131869
1472, 0.994959057131567
1473, 0.994959057131476
1474, 0.994959057131451
1475, 0.99495905713143
1476, 0.994959057130632
1477, 0.994959057130632
1478, 0.994959057130632
1479, 0.994959057130632
1480, 0.994959057130613
1481, 0.994959057130613
1482, 0.994959057130613
1483, 0.994959057130275
1484, 0.994959057130275
1485, 0.994959057130275
1486, 0.994959057130275
1487, 0.994959057130275
1488, 0.994959057130188
1489, 0.994959057130178
1490, 0.994959057130167
1491, 0.99495905713016
1492, 0.99495905713016
1493, 0.99495905713006
1494, 0.99495905713006
1495, 0.99495905713006
1496, 0.994959057130036
1497, 0.994959057130036
1498, 0.994959057130036
1499, 0.994959057130036
1500, 0.994959057129673
1501, 0.994959057129673
1502, 0.994959057129673
1503, 0.994959057129673
1504, 0.994959057129622
1505, 0.994959057129611
1506, 0.994959057129611
1507, 0.994959057129611
1508, 0.994959057129547
1509, 0.994959057129547
1510, 0.994959057129547
1511, 0.994959057127241
1512, 0.99495905712722
1513, 0.99495905712722
1514, 0.99495905712722
1515, 0.99495905712722
1516, 0.99495905712722
1517, 0.994959057126056
1518, 0.994959057126056
1519, 0.994959057126056
1520, 0.994959057126056
1521, 0.994959057124989
1522, 0.994959057124921
1523, 0.994959057123314
1524, 0.994959057123298
1525, 0.994959057123298
1526, 0.994959057123298
1527, 0.994959057123298
1528, 0.99495905712225
1529, 0.994959057120745
1530, 0.994959057120745
1531, 0.994959057120745
1532, 0.994959057120745
1533, 0.994959057120745
1534, 0.994959057120745
1535, 0.994959057120745
1536, 0.994959057120745
1537, 0.994959057120745
1538, 0.994959057120745
1539, 0.994959057120745
1540, 0.994959057120745
1541, 0.994959057120745
1542, 0.994959057120745
1543, 0.994959057120745
1544, 0.994959057120745
1545, 0.994959057120745
1546, 0.994959057120745
1547, 0.994959057120745
1548, 0.994959057120745
1549, 0.994959057120745
1550, 0.994959057120745
1551, 0.994959057120745
1552, 0.994959057120745
1553, 0.994959057120745
1554, 0.994959057120745
1555, 0.994959057120745
1556, 0.994959057120745
1557, 0.994959057120745
1558, 0.994959057120745
1559, 0.994959057120745
1560, 0.994959057120745
1561, 0.994959057120745
1562, 0.994959057120745
1563, 0.994959057120745
1564, 0.994959057120745
1565, 0.994959057120745
1566, 0.994959057120745
1567, 0.994959057120745
1568, 0.994959057120745
1569, 0.994959057120745
1570, 0.994959057120745
1571, 0.994959057120745
1572, 0.994959057120745
1573, 0.994959057120745
1574, 0.994959057120745
1575, 0.994959057120745
1576, 0.994959057120745
1577, 0.994959057120745
1578, 0.994959057120745
1579, 0.994959057120745
1580, 0.994959057120745
1581, 0.994959057120745
1582, 0.994959057120745
1583, 0.994959057120745
1584, 0.994959057120745
1585, 0.994959057120745
1586, 0.994959057120745
1587, 0.994959057120745
1588, 0.994959057120745
1589, 0.994959057120745
1590, 0.994959057120745
1591, 0.994959057120745
1592, 0.99495905712058
1593, 0.994959057120548
1594, 0.994959057120548
1595, 0.994959057120548
1596, 0.994959057120548
1597, 0.994959057120548
1598, 0.994959057120548
1599, 0.994959057120548
1600, 0.994959057120548
1601, 0.994959057120548
1602, 0.994959057120486
1603, 0.994959057120463
1604, 0.994959057120463
1605, 0.994959057120463
1606, 0.994959057120463
1607, 0.994959057120456
1608, 0.994959057120441
1609, 0.994959057120441
1610, 0.994959057120441
1611, 0.994959057120441
1612, 0.994959057120422
1613, 0.994959057120422
1614, 0.994959057120422
1615, 0.994959057120422
1616, 0.994959057120422
1617, 0.994959057120422
1618, 0.994959057119724
1619, 0.99495905711915
1620, 0.994959057117832
1621, 0.994959057117699
1622, 0.994959057117187
1623, 0.994959057117187
1624, 0.994959057116935
1625, 0.994959057116935
1626, 0.994959057116935
1627, 0.994959057116935
1628, 0.994959057116935
1629, 0.994959057116908
1630, 0.994959057116906
1631, 0.994959057116905
1632, 0.994959057116901
1633, 0.994959057116866
1634, 0.994959057116866
1635, 0.994959057116866
1636, 0.994959057116866
1637, 0.994959057116866
1638, 0.994959057116866
1639, 0.994959057116844
1640, 0.994959057116811
1641, 0.994959057116811
1642, 0.994959057116811
1643, 0.994959057116811
1644, 0.994959057116811
1645, 0.994959057116811
1646, 0.994959057116811
1647, 0.994959057116811
1648, 0.994959057116811
1649, 0.994959057116811
1650, 0.994959057116811
1651, 0.994959057116784
1652, 0.994959057116784
1653, 0.994959057116784
1654, 0.994959057116784
1655, 0.994959057116784
1656, 0.994959057116736
1657, 0.994959057116736
1658, 0.994959057116736
1659, 0.994959057116734
1660, 0.994959057116734
1661, 0.994959057116734
1662, 0.994959057116734
1663, 0.994959057116734
1664, 0.994959057116734
1665, 0.994959057116731
1666, 0.994959057116731
1667, 0.994959057116731
1668, 0.994959057116731
1669, 0.994959057116731
1670, 0.994959057116731
1671, 0.994959057116731
1672, 0.994959057116709
1673, 0.994959057116709
1674, 0.994959057116692
1675, 0.994959057116692
1676, 0.994959057116663
1677, 0.994959057116663
1678, 0.994959057116663
1679, 0.994959057116663
1680, 0.994959057116651
1681, 0.994959057116633
1682, 0.994959057116633
1683, 0.994959057116633
1684, 0.994959057116633
1685, 0.994959057116633
1686, 0.994959057116633
1687, 0.994959057116629
1688, 0.994959057116629
1689, 0.994959057116629
1690, 0.994959057116629
1691, 0.994959057116629
1692, 0.994959057116604
1693, 0.994959057116603
1694, 0.994959057116603
1695, 0.994959057116603
1696, 0.994959057116603
1697, 0.994959057116603
1698, 0.994959057116599
1699, 0.994959057116597
1700, 0.994959057116597
1701, 0.994959057116597
1702, 0.994959057116597
1703, 0.994959057116594
1704, 0.994959057116594
1705, 0.994959057116594
1706, 0.994959057116592
1707, 0.994959057116592
1708, 0.994959057116592
1709, 0.994959057116592
1710, 0.994959057116592
1711, 0.994959057116592
1712, 0.994959057116592
1713, 0.994959057116592
1714, 0.994959057116592
1715, 0.994959057116592
1716, 0.99495905711659
1717, 0.99495905711659
1718, 0.994959057116589
1719, 0.994959057116583
1720, 0.994959057116583
1721, 0.994959057116583
1722, 0.994959057116576
1723, 0.994959057116576
1724, 0.994959057116576
1725, 0.994959057116576
1726, 0.994959057116576
1727, 0.994959057116576
1728, 0.994959057116576
1729, 0.994959057116574
1730, 0.994959057116574
1731, 0.994959057116574
1732, 0.994959057116573
1733, 0.994959057116573
1734, 0.994959057116573
1735, 0.994959057116573
1736, 0.994959057116573
1737, 0.994959057116573
1738, 0.994959057116571
1739, 0.994959057116571
1740, 0.994959057116571
1741, 0.994959057116571
1742, 0.994959057116569
1743, 0.994959057116569
1744, 0.994959057116569
1745, 0.994959057116569
1746, 0.994959057116569
1747, 0.994959057116569
1748, 0.994959057116569
1749, 0.994959057116569
1750, 0.994959057116569
1751, 0.994959057116569
1752, 0.994959057116569
1753, 0.994959057116569
1754, 0.994959057116569
1755, 0.994959057116569
1756, 0.994959057116569
1757, 0.994959057116567
1758, 0.994959057116567
1759, 0.994959057116567
1760, 0.994959057116567
1761, 0.994959057116567
1762, 0.994959057116567
1763, 0.994959057116567
1764, 0.994959057116567
1765, 0.994959057116567
1766, 0.994959057116567
1767, 0.994959057116567
1768, 0.994959057116565
1769, 0.994959057116565
1770, 0.994959057116565
1771, 0.994959057116565
1772, 0.994959057116565
1773, 0.994959057116565
1774, 0.994959057116565
1775, 0.994959057116565
1776, 0.994959057116565
1777, 0.994959057116565
1778, 0.994959057116565
1779, 0.994959057116565
1780, 0.994959057116565
1781, 0.994959057116564
1782, 0.994959057116564
1783, 0.994959057116564
1784, 0.994959057116564
1785, 0.994959057116564
1786, 0.994959057116564
1787, 0.994959057116564
1788, 0.994959057116564
1789, 0.994959057116564
1790, 0.994959057116564
1791, 0.994959057116564
1792, 0.994959057116564
1793, 0.994959057116564
1794, 0.994959057116564
1795, 0.994959057116558
1796, 0.994959057116558
1797, 0.994959057116558
1798, 0.994959057116555
1799, 0.994959057116549
1800, 0.994959057116549
1801, 0.994959057116546
1802, 0.994959057116544
1803, 0.994959057116544
1804, 0.994959057116544
1805, 0.994959057116544
1806, 0.994959057116541
1807, 0.994959057116539
1808, 0.994959057116539
1809, 0.994959057116539
1810, 0.994959057116539
1811, 0.994959057116533
1812, 0.994959057116526
1813, 0.994959057116521
1814, 0.994959057116516
1815, 0.994959057116516
1816, 0.994959057116516
1817, 0.994959057116516
1818, 0.994959057116516
1819, 0.994959057116509
1820, 0.994959057116509
1821, 0.994959057116509
1822, 0.994959057116509
1823, 0.994959057116509
1824, 0.994959057116509
1825, 0.994959057116509
1826, 0.994959057116509
1827, 0.994959057116509
1828, 0.994959057116498
1829, 0.994959057116498
1830, 0.994959057116498
1831, 0.994959057116498
1832, 0.994959057116496
1833, 0.994959057116493
1834, 0.994959057116493
1835, 0.994959057116493
1836, 0.994959057116493
1837, 0.994959057116482
1838, 0.994959057116482
1839, 0.994959057116482
1840, 0.994959057116482
1841, 0.994959057116482
1842, 0.994959057116482
1843, 0.994959057116468
1844, 0.994959057116468
1845, 0.994959057116468
1846, 0.994959057116468
1847, 0.994959057116468
1848, 0.994959057116468
1849, 0.994959057116461
1850, 0.994959057116459
1851, 0.994959057116452
1852, 0.994959057116452
1853, 0.994959057116452
1854, 0.994959057116452
1855, 0.994959057116452
1856, 0.99495905711645
1857, 0.99495905711645
1858, 0.99495905711645
1859, 0.99495905711645
1860, 0.99495905711645
1861, 0.99495905711645
1862, 0.99495905711645
1863, 0.994959057116448
1864, 0.994959057116448
1865, 0.994959057116448
1866, 0.994959057116448
1867, 0.994959057116448
1868, 0.994959057116446
1869, 0.994959057116446
1870, 0.994959057116446
1871, 0.994959057116446
1872, 0.994959057116446
1873, 0.994959057116446
1874, 0.994959057116446
1875, 0.994959057116446
1876, 0.994959057116446
1877, 0.994959057116416
1878, 0.994959057116416
1879, 0.994959057116414
1880, 0.994959057116414
1881, 0.994959057116414
1882, 0.994959057116414
1883, 0.994959057116393
1884, 0.994959057116391
1885, 0.994959057116391
1886, 0.994959057116384
1887, 0.99495905711635
1888, 0.994959057116301
1889, 0.994959057116288
1890, 0.994959057116255
1891, 0.99495905711618
1892, 0.994959057116121
1893, 0.994959057116121
1894, 0.994959057116093
1895, 0.994959057116001
1896, 0.994959057116001
1897, 0.994959057116001
1898, 0.994959057116001
1899, 0.994959057115977
1900, 0.994959057115924
1901, 0.994959057115892
1902, 0.994959057115892
1903, 0.994959057115892
1904, 0.994959057115892
1905, 0.994959057115892
1906, 0.994959057115892
1907, 0.994959057115892
1908, 0.99495905711589
1909, 0.99495905711589
1910, 0.99495905711589
1911, 0.99495905711589
1912, 0.994959057115889
1913, 0.994959057115889
1914, 0.994959057115889
1915, 0.994959057115889
1916, 0.994959057115889
1917, 0.994959057115889
1918, 0.994959057115889
1919, 0.994959057115889
1920, 0.994959057115889
1921, 0.994959057115889
1922, 0.994959057115889
1923, 0.994959057115889
1924, 0.994959057115889
1925, 0.994959057115889
1926, 0.994959057115889
1927, 0.994959057115889
1928, 0.994959057115889
1929, 0.994959057115889
1930, 0.994959057115889
1931, 0.994959057115889
1932, 0.994959057115889
1933, 0.994959057115889
1934, 0.994959057115889
1935, 0.994959057115889
1936, 0.994959057115889
1937, 0.994959057115889
1938, 0.994959057115889
1939, 0.994959057115889
1940, 0.994959057115889
1941, 0.994959057115889
1942, 0.994959057115889
1943, 0.994959057115889
1944, 0.994959057115889
1945, 0.994959057115889
1946, 0.994959057115887
1947, 0.994959057115882
1948, 0.994959057115882
1949, 0.994959057115882
1950, 0.994959057115832
1951, 0.994959057115832
1952, 0.994959057115777
1953, 0.994959057115777
1954, 0.994959057115777
1955, 0.994959057115777
1956, 0.994959057115777
1957, 0.994959057115773
1958, 0.994959057115773
1959, 0.994959057115771
1960, 0.994959057115761
1961, 0.994959057115759
1962, 0.994959057115759
1963, 0.994959057115752
1964, 0.994959057115752
1965, 0.994959057115649
1966, 0.994959057115645
1967, 0.994959057115645
1968, 0.994959057115643
1969, 0.994959057115643
1970, 0.994959057115643
1971, 0.994959057115643
1972, 0.994959057115643
1973, 0.994959057115643
1974, 0.994959057115638
1975, 0.994959057115638
1976, 0.994959057115638
1977, 0.994959057115638
1978, 0.994959057115631
1979, 0.994959057115631
1980, 0.994959057115631
1981, 0.994959057115631
1982, 0.994959057115631
1983, 0.994959057115631
1984, 0.994959057115631
1985, 0.994959057115631
1986, 0.994959057115631
1987, 0.994959057115631
1988, 0.994959057115631
1989, 0.994959057115624
1990, 0.994959057115624
1991, 0.994959057115624
1992, 0.99495905711562
1993, 0.99495905711562
1994, 0.994959057115603
1995, 0.994959057115603
1996, 0.994959057115603
1997, 0.994959057115597
1998, 0.994959057115597
1999, 0.994959057115597
2000, 0.994959057115597
2001, 0.994959057115597
2002, 0.994959057115597
2003, 0.994959057115597
2004, 0.994959057115597
2005, 0.994959057115597
2006, 0.994959057115597
2007, 0.994959057115597
2008, 0.994959057115597
2009, 0.994959057115597
2010, 0.994959057115597
2011, 0.994959057115597
2012, 0.994959057115597
2013, 0.994959057115597
2014, 0.994959057115597
2015, 0.994959057115597
2016, 0.994959057115596
2017, 0.994959057115596
2018, 0.994959057115596
2019, 0.994959057115596
2020, 0.994959057115596
2021, 0.994959057115596
2022, 0.994959057115596
2023, 0.994959057115596
2024, 0.994959057115596
2025, 0.994959057115596
2026, 0.994959057115596
2027, 0.994959057115596
2028, 0.994959057115596
2029, 0.994959057115596
2030, 0.994959057115594
2031, 0.994959057115588
2032, 0.994959057115588
2033, 0.994959057115588
2034, 0.994959057115588
2035, 0.994959057115588
2036, 0.994959057115588
2037, 0.994959057115588
2038, 0.994959057115588
2039, 0.994959057115588
2040, 0.994959057115588
2041, 0.994959057115588
2042, 0.994959057115588
2043, 0.994959057115581
2044, 0.994959057115581
2045, 0.99495905711558
2046, 0.994959057115578
2047, 0.994959057115578
2048, 0.994959057115578
2049, 0.994959057115578
2050, 0.994959057115578
2051, 0.994959057115578
2052, 0.994959057115578
2053, 0.994959057115578
2054, 0.994959057115578
2055, 0.994959057115578
2056, 0.994959057115574
2057, 0.994959057115571
2058, 0.994959057115565
2059, 0.994959057115565
2060, 0.994959057115565
2061, 0.994959057115565
2062, 0.994959057115565
2063, 0.994959057115565
2064, 0.994959057115565
2065, 0.994959057115565
2066, 0.994959057115565
2067, 0.994959057115565
2068, 0.994959057115565
2069, 0.994959057115565
2070, 0.994959057115565
2071, 0.994959057115565
2072, 0.994959057115565
2073, 0.994959057115565
2074, 0.994959057115565
2075, 0.994959057115565
2076, 0.994959057115564
2077, 0.994959057115564
2078, 0.994959057115564
2079, 0.994959057115564
2080, 0.994959057115564
2081, 0.994959057115564
2082, 0.994959057115564
2083, 0.994959057115564
2084, 0.994959057115564
2085, 0.994959057115564
2086, 0.994959057115562
2087, 0.994959057115562
2088, 0.994959057115562
2089, 0.994959057115562
2090, 0.994959057115562
2091, 0.994959057115562
2092, 0.994959057115562
2093, 0.994959057115562
2094, 0.994959057115556
2095, 0.994959057115556
2096, 0.994959057115556
2097, 0.994959057115556
2098, 0.994959057115556
2099, 0.994959057115556
2100, 0.994959057115556
2101, 0.994959057115556
2102, 0.994959057115556
2103, 0.994959057115556
2104, 0.994959057115556
2105, 0.994959057115556
2106, 0.994959057115556
2107, 0.994959057115556
2108, 0.994959057115556
2109, 0.994959057115556
2110, 0.994959057115556
2111, 0.994959057115556
2112, 0.994959057115556
2113, 0.994959057115556
2114, 0.994959057115556
2115, 0.994959057115556
2116, 0.994959057115556
2117, 0.994959057115556
2118, 0.994959057115556
2119, 0.994959057115556
2120, 0.994959057115556
2121, 0.994959057115556
2122, 0.994959057115556
2123, 0.994959057115556
2124, 0.994959057115555
2125, 0.994959057115555
2126, 0.994959057115555
2127, 0.994959057115555
2128, 0.994959057115555
2129, 0.994959057115555
2130, 0.994959057115555
2131, 0.994959057115555
2132, 0.994959057115555
2133, 0.994959057115555
2134, 0.994959057115555
2135, 0.994959057115555
2136, 0.994959057115555
2137, 0.994959057115555
2138, 0.994959057115555
2139, 0.994959057115555
2140, 0.994959057115555
2141, 0.994959057115555
2142, 0.994959057115555
2143, 0.994959057115555
2144, 0.994959057115555
2145, 0.994959057115555
2146, 0.994959057115555
2147, 0.994959057115555
2148, 0.994959057115555
2149, 0.994959057115555
2150, 0.994959057115555
2151, 0.994959057115555
2152, 0.994959057115555
2153, 0.994959057115555
2154, 0.994959057115555
2155, 0.994959057115555
2156, 0.994959057115555
2157, 0.994959057115555
2158, 0.994959057115555
2159, 0.994959057115555
2160, 0.994959057115555
2161, 0.994959057115555
2162, 0.994959057115555
2163, 0.994959057115555
2164, 0.994959057115555
2165, 0.994959057115555
2166, 0.994959057115555
2167, 0.994959057115555
2168, 0.994959057115555
2169, 0.994959057115555
2170, 0.994959057115555
2171, 0.994959057115555
2172, 0.994959057115555
2173, 0.994959057115555
2174, 0.994959057115555
2175, 0.994959057115555
2176, 0.994959057115555
2177, 0.994959057115555
2178, 0.994959057115555
2179, 0.994959057115555
2180, 0.994959057115555
2181, 0.994959057115555
2182, 0.994959057115555
2183, 0.994959057115555
2184, 0.994959057115555
2185, 0.994959057115555
2186, 0.994959057115555
2187, 0.994959057115555
2188, 0.994959057115555
2189, 0.994959057115555
2190, 0.994959057115555
2191, 0.994959057115555
2192, 0.994959057115555
2193, 0.994959057115555
2194, 0.994959057115555
2195, 0.994959057115555
2196, 0.994959057115555
2197, 0.994959057115555
2198, 0.994959057115555
2199, 0.994959057115555
2200, 0.994959057115555
2201, 0.994959057115555
2202, 0.994959057115555
2203, 0.994959057115555
2204, 0.994959057115555
2205, 0.994959057115555
2206, 0.994959057115555
2207, 0.994959057115555
2208, 0.994959057115555
2209, 0.994959057115555
2210, 0.994959057115555
2211, 0.994959057115555
2212, 0.994959057115555
2213, 0.994959057115555
2214, 0.994959057115555
2215, 0.994959057115555
2216, 0.994959057115555
2217, 0.994959057115555
2218, 0.994959057115555
2219, 0.994959057115555
2220, 0.994959057115555
2221, 0.994959057115555
2222, 0.994959057115555
2223, 0.994959057115555
2224, 0.994959057115555
2225, 0.994959057115555
2226, 0.994959057115555
2227, 0.994959057115555
2228, 0.994959057115555
2229, 0.994959057115555
2230, 0.994959057115555
2231, 0.994959057115555
2232, 0.994959057115555
2233, 0.994959057115555
2234, 0.994959057115555
2235, 0.994959057115555
2236, 0.994959057115555
2237, 0.994959057115555
2238, 0.994959057115555
2239, 0.994959057115555
2240, 0.994959057115555
2241, 0.994959057115555
2242, 0.994959057115555
2243, 0.994959057115555
2244, 0.994959057115555
2245, 0.994959057115555
2246, 0.994959057115555
2247, 0.994959057115555
2248, 0.994959057115555
2249, 0.994959057115555
2250, 0.994959057115555
2251, 0.994959057115555
2252, 0.994959057115555
2253, 0.994959057115555
2254, 0.994959057115555
2255, 0.994959057115555
2256, 0.994959057115555
2257, 0.994959057115555
2258, 0.994959057115555
2259, 0.994959057115555
2260, 0.994959057115555
2261, 0.994959057115551
2262, 0.994959057115551
2263, 0.994959057115551
2264, 0.994959057115551
2265, 0.994959057115551
2266, 0.994959057115551
2267, 0.994959057115551
2268, 0.994959057115551
2269, 0.994959057115551
2270, 0.994959057115551
2271, 0.994959057115551
2272, 0.994959057115551
2273, 0.994959057115551
2274, 0.994959057115551
2275, 0.994959057115551
2276, 0.994959057115551
2277, 0.994959057115551
2278, 0.994959057115551
2279, 0.994959057115551
2280, 0.994959057115551
2281, 0.994959057115551
2282, 0.994959057115551
2283, 0.994959057115551
2284, 0.994959057115551
2285, 0.994959057115551
2286, 0.994959057115551
2287, 0.994959057115551
2288, 0.994959057115551
2289, 0.994959057115551
2290, 0.994959057115551
2291, 0.994959057115551
2292, 0.994959057115551
2293, 0.994959057115551
2294, 0.994959057115551
2295, 0.994959057115551
2296, 0.994959057115551
2297, 0.994959057115551
2298, 0.994959057115551
2299, 0.994959057115551
2300, 0.994959057115551
2301, 0.994959057115551
2302, 0.994959057115551
2303, 0.994959057115551
2304, 0.994959057115551
2305, 0.994959057115551
2306, 0.994959057115551
2307, 0.994959057115551
2308, 0.994959057115551
2309, 0.994959057115551
2310, 0.994959057115551
2311, 0.994959057115551
2312, 0.994959057115551
2313, 0.994959057115551
2314, 0.994959057115549
2315, 0.994959057115549
2316, 0.994959057115549
2317, 0.994959057115549
2318, 0.994959057115549
2319, 0.994959057115549
2320, 0.994959057115549
2321, 0.994959057115549
2322, 0.994959057115549
2323, 0.994959057115549
2324, 0.994959057115549
2325, 0.994959057115549
2326, 0.994959057115549
2327, 0.994959057115549
2328, 0.994959057115549
2329, 0.994959057115549
2330, 0.994959057115549
2331, 0.994959057115549
2332, 0.994959057115549
2333, 0.994959057115549
2334, 0.994959057115549
2335, 0.994959057115549
2336, 0.994959057115549
2337, 0.994959057115549
2338, 0.994959057115549
2339, 0.994959057115549
2340, 0.994959057115549
2341, 0.994959057115549
2342, 0.994959057115549
2343, 0.994959057115549
2344, 0.994959057115549
2345, 0.994959057115549
2346, 0.994959057115549
2347, 0.994959057115549
2348, 0.994959057115549
2349, 0.994959057115549
2350, 0.994959057115549
2351, 0.994959057115549
2352, 0.994959057115549
2353, 0.994959057115549
2354, 0.994959057115549
2355, 0.994959057115549
2356, 0.994959057115549
2357, 0.994959057115549
2358, 0.994959057115548
2359, 0.994959057115548
2360, 0.994959057115548
2361, 0.994959057115548
2362, 0.994959057115548
2363, 0.994959057115548
2364, 0.994959057115548
2365, 0.994959057115548
2366, 0.994959057115548
2367, 0.994959057115548
2368, 0.994959057115548
2369, 0.994959057115548
2370, 0.994959057115548
2371, 0.994959057115548
2372, 0.994959057115548
2373, 0.994959057115548
2374, 0.994959057115548
2375, 0.994959057115548
2376, 0.994959057115548
2377, 0.994959057115548
2378, 0.994959057115548
2379, 0.994959057115548
2380, 0.994959057115548
2381, 0.994959057115548
2382, 0.994959057115548
2383, 0.994959057115548
2384, 0.994959057115548
2385, 0.994959057115548
2386, 0.994959057115548
2387, 0.994959057115548
2388, 0.994959057115548
2389, 0.994959057115548
2390, 0.994959057115548
2391, 0.994959057115548
2392, 0.994959057115548
2393, 0.994959057115548
2394, 0.994959057115548
2395, 0.994959057115548
2396, 0.994959057115548
2397, 0.994959057115548
2398, 0.994959057115548
2399, 0.994959057115548
2400, 0.994959057115548
2401, 0.994959057115548
2402, 0.994959057115548
2403, 0.994959057115548
2404, 0.994959057115548
2405, 0.994959057115548
2406, 0.994959057115548
2407, 0.994959057115548
2408, 0.994959057115548
2409, 0.994959057115548
2410, 0.994959057115548
2411, 0.994959057115548
2412, 0.994959057115548
2413, 0.994959057115548
2414, 0.994959057115548
2415, 0.994959057115548
2416, 0.994959057115548
2417, 0.994959057115548
2418, 0.994959057115548
2419, 0.994959057115548
2420, 0.994959057115548
2421, 0.994959057115548
2422, 0.994959057115548
2423, 0.994959057115548
2424, 0.994959057115548
2425, 0.994959057115548
2426, 0.994959057115548
2427, 0.994959057115548
2428, 0.994959057115548
2429, 0.994959057115548
2430, 0.994959057115548
2431, 0.994959057115548
2432, 0.994959057115548
2433, 0.994959057115548
2434, 0.994959057115548
2435, 0.994959057115548
2436, 0.994959057115548
2437, 0.994959057115548
2438, 0.994959057115548
2439, 0.994959057115548
2440, 0.994959057115548
2441, 0.994959057115548
2442, 0.994959057115548
2443, 0.994959057115548
2444, 0.994959057115548
2445, 0.994959057115548
2446, 0.994959057115546
2447, 0.994959057115546
2448, 0.994959057115546
2449, 0.994959057115546
2450, 0.994959057115546
2451, 0.994959057115546
2452, 0.994959057115546
2453, 0.994959057115546
2454, 0.994959057115546
2455, 0.994959057115546
2456, 0.994959057115546
2457, 0.994959057115546
2458, 0.994959057115546
2459, 0.994959057115546
2460, 0.994959057115546
2461, 0.994959057115546
2462, 0.994959057115546
2463, 0.994959057115546
2464, 0.994959057115546
2465, 0.994959057115546
2466, 0.994959057115546
2467, 0.994959057115546
2468, 0.994959057115546
2469, 0.994959057115546
2470, 0.994959057115546
2471, 0.994959057115546
2472, 0.994959057115546
2473, 0.994959057115546
2474, 0.994959057115546
2475, 0.994959057115546
2476, 0.994959057115546
2477, 0.994959057115546
2478, 0.994959057115546
2479, 0.994959057115546
2480, 0.994959057115546
2481, 0.994959057115546
2482, 0.994959057115546
2483, 0.994959057115546
2484, 0.994959057115546
2485, 0.994959057115546
2486, 0.994959057115546
2487, 0.994959057115546
2488, 0.994959057115546
2489, 0.994959057115546
2490, 0.994959057115546
2491, 0.994959057115546
2492, 0.994959057115546
2493, 0.994959057115546
2494, 0.994959057115546
2495, 0.994959057115546
2496, 0.994959057115546
2497, 0.994959057115544
2498, 0.994959057115544
2499, 0.994959057115544
2500, 0.994959057115544
2501, 0.994959057115544
2502, 0.994959057115544
2503, 0.994959057115544
2504, 0.994959057115544
2505, 0.994959057115544
2506, 0.994959057115544
2507, 0.994959057115544
2508, 0.994959057115544
2509, 0.994959057115544
2510, 0.994959057115544
2511, 0.994959057115544
2512, 0.994959057115544
2513, 0.994959057115544
2514, 0.994959057115544
2515, 0.994959057115542
2516, 0.994959057115542
2517, 0.994959057115542
2518, 0.994959057115542
2519, 0.994959057115542
2520, 0.994959057115542
2521, 0.994959057115542
2522, 0.994959057115542
2523, 0.994959057115542
2524, 0.994959057115542
2525, 0.994959057115542
2526, 0.994959057115542
2527, 0.994959057115542
2528, 0.994959057115542
2529, 0.994959057115542
2530, 0.994959057115542
2531, 0.994959057115542
2532, 0.994959057115542
2533, 0.994959057115542
2534, 0.994959057115542
2535, 0.994959057115542
2536, 0.994959057115542
2537, 0.994959057115542
2538, 0.994959057115542
2539, 0.994959057115542
2540, 0.994959057115542
2541, 0.994959057115542
2542, 0.994959057115542
2543, 0.994959057115542
2544, 0.994959057115542
2545, 0.994959057115542
2546, 0.99495905711554
2547, 0.994959057115539
2548, 0.994959057115539
2549, 0.994959057115539
2550, 0.994959057115539
2551, 0.994959057115539
2552, 0.994959057115539
2553, 0.994959057115539
2554, 0.994959057115539
2555, 0.994959057115539
2556, 0.994959057115539
2557, 0.994959057115539
2558, 0.994959057115539
2559, 0.994959057115539
2560, 0.994959057115539
2561, 0.994959057115539
2562, 0.994959057115539
2563, 0.994959057115539
2564, 0.994959057115539
2565, 0.994959057115539
2566, 0.994959057115539
2567, 0.994959057115539
2568, 0.994959057115539
2569, 0.994959057115539
2570, 0.994959057115539
2571, 0.994959057115539
2572, 0.994959057115539
2573, 0.994959057115539
2574, 0.994959057115539
2575, 0.994959057115539
2576, 0.994959057115539
2577, 0.994959057115539
2578, 0.994959057115539
2579, 0.994959057115539
2580, 0.994959057115539
2581, 0.994959057115537
2582, 0.994959057115537
2583, 0.994959057115537
2584, 0.994959057115537
2585, 0.994959057115537
2586, 0.994959057115533
2587, 0.994959057115533
2588, 0.994959057115533
2589, 0.994959057115533
2590, 0.994959057115533
2591, 0.994959057115533
2592, 0.994959057115533
2593, 0.994959057115533
2594, 0.994959057115533
2595, 0.994959057115533
2596, 0.994959057115533
2597, 0.994959057115533
2598, 0.994959057115533
2599, 0.994959057115533
2600, 0.994959057115526
2601, 0.994959057115526
2602, 0.994959057115526
2603, 0.994959057115526
2604, 0.994959057115526
2605, 0.994959057115526
2606, 0.994959057115526
2607, 0.994959057115526
2608, 0.994959057115516
2609, 0.994959057115516
2610, 0.994959057115516
2611, 0.994959057115516
2612, 0.994959057115516
2613, 0.994959057115516
2614, 0.994959057115516
2615, 0.994959057115516
2616, 0.994959057115516
2617, 0.994959057115516
2618, 0.994959057115516
2619, 0.994959057115516
2620, 0.994959057115516
2621, 0.994959057115514
2622, 0.994959057115514
2623, 0.994959057115514
2624, 0.994959057115514
2625, 0.994959057115514
2626, 0.994959057115514
2627, 0.99495905711551
2628, 0.99495905711551
2629, 0.994959057115503
2630, 0.994959057115503
2631, 0.994959057115503
2632, 0.994959057115496
2633, 0.994959057115496
2634, 0.994959057115496
2635, 0.994959057115496
2636, 0.994959057115496
2637, 0.994959057115494
2638, 0.994959057115494
2639, 0.994959057115494
2640, 0.994959057115482
2641, 0.994959057115482
2642, 0.994959057115482
2643, 0.994959057115482
2644, 0.994959057115477
2645, 0.994959057115464
2646, 0.994959057115464
2647, 0.994959057115462
2648, 0.994959057115462
2649, 0.994959057115462
2650, 0.994959057115462
2651, 0.994959057115462
2652, 0.994959057115462
2653, 0.994959057115462
2654, 0.994959057115462
2655, 0.994959057115462
2656, 0.994959057115404
2657, 0.994959057115404
2658, 0.994959057115404
2659, 0.994959057115404
2660, 0.994959057115404
2661, 0.994959057115404
2662, 0.994959057115404
2663, 0.994959057115402
2664, 0.994959057115402
2665, 0.9949590571154
2666, 0.9949590571154
2667, 0.9949590571154
2668, 0.9949590571154
2669, 0.9949590571154
2670, 0.994959057115395
2671, 0.994959057115395
2672, 0.994959057115395
2673, 0.994959057115395
2674, 0.994959057115395
2675, 0.994959057115381
2676, 0.994959057115381
2677, 0.994959057115361
2678, 0.994959057115333
2679, 0.99495905711531
2680, 0.994959057115308
2681, 0.994959057115304
2682, 0.994959057115304
2683, 0.994959057115304
2684, 0.994959057115304
2685, 0.994959057115295
2686, 0.994959057115295
2687, 0.994959057115295
2688, 0.994959057115285
2689, 0.994959057115262
2690, 0.99495905711526
2691, 0.99495905711526
2692, 0.994959057115244
2693, 0.994959057115244
2694, 0.994959057115244
2695, 0.994959057115192
2696, 0.994959057115157
2697, 0.994959057115157
2698, 0.994959057115157
2699, 0.994959057115151
2700, 0.994959057115151
2701, 0.994959057115151
2702, 0.994959057115151
2703, 0.994959057115151
2704, 0.994959057115151
2705, 0.994959057115151
2706, 0.994959057115151
2707, 0.994959057115151
2708, 0.994959057115151
2709, 0.994959057115151
2710, 0.994959057115151
2711, 0.994959057115151
2712, 0.994959057115151
2713, 0.99495905711515
2714, 0.99495905711515
2715, 0.99495905711515
2716, 0.99495905711515
2717, 0.99495905711515
2718, 0.99495905711515
2719, 0.99495905711515
2720, 0.99495905711515
2721, 0.99495905711515
2722, 0.99495905711515
2723, 0.99495905711515
2724, 0.99495905711515
2725, 0.99495905711515
2726, 0.99495905711515
2727, 0.994959057115148
2728, 0.994959057115148
2729, 0.994959057115148
2730, 0.994959057115148
2731, 0.994959057115148
2732, 0.994959057115148
2733, 0.994959057115148
2734, 0.994959057115148
2735, 0.994959057115148
2736, 0.994959057115148
2737, 0.994959057115148
2738, 0.994959057115144
2739, 0.994959057115144
2740, 0.994959057115144
2741, 0.994959057115144
2742, 0.994959057115144
2743, 0.994959057115144
2744, 0.994959057115144
2745, 0.994959057115144
2746, 0.994959057115144
2747, 0.994959057115144
2748, 0.994959057115144
2749, 0.994959057115144
2750, 0.994959057115144
2751, 0.994959057115144
2752, 0.994959057115144
2753, 0.994959057115144
2754, 0.994959057115144
2755, 0.994959057115144
2756, 0.994959057115144
2757, 0.994959057115144
2758, 0.994959057115144
2759, 0.994959057115144
2760, 0.994959057115144
2761, 0.994959057115144
2762, 0.994959057115144
2763, 0.994959057115144
2764, 0.994959057115144
2765, 0.994959057115144
2766, 0.994959057115143
2767, 0.994959057115143
2768, 0.994959057115143
2769, 0.994959057115143
2770, 0.994959057115137
2771, 0.994959057115137
2772, 0.99495905711513
2773, 0.994959057115127
2774, 0.994959057115127
2775, 0.994959057115127
2776, 0.994959057115125
2777, 0.994959057115116
2778, 0.994959057115116
2779, 0.994959057115114
2780, 0.994959057115114
2781, 0.994959057115114
2782, 0.994959057115114
2783, 0.994959057115112
2784, 0.994959057115112
2785, 0.994959057115112
2786, 0.994959057115112
2787, 0.994959057115112
2788, 0.994959057115112
2789, 0.994959057115111
2790, 0.994959057115109
2791, 0.994959057115109
2792, 0.994959057115109
2793, 0.994959057115109
2794, 0.994959057115109
2795, 0.994959057115103
2796, 0.994959057115096
2797, 0.994959057115096
2798, 0.994959057115082
2799, 0.994959057115082
2800, 0.99495905711508
2801, 0.994959057115077
2802, 0.994959057115077
2803, 0.994959057115077
2804, 0.994959057115077
2805, 0.994959057115056
2806, 0.99495905711504
2807, 0.99495905711504
2808, 0.99495905711504
2809, 0.994959057114972
2810, 0.994959057114972
2811, 0.994959057114899
2812, 0.994959057114846
2813, 0.994959057114816
2814, 0.994959057114816
2815, 0.994959057114816
2816, 0.994959057114816
2817, 0.994959057114816
2818, 0.994959057114816
2819, 0.994959057114816
2820, 0.994959057114816
2821, 0.994959057114816
2822, 0.994959057114816
2823, 0.994959057114816
2824, 0.994959057114816
2825, 0.994959057114816
2826, 0.994959057114816
2827, 0.994959057114816
2828, 0.994959057114816
2829, 0.994959057114816
2830, 0.994959057114816
2831, 0.994959057114816
2832, 0.994959057114816
2833, 0.994959057114816
2834, 0.99495905711481
2835, 0.99495905711481
2836, 0.99495905711481
2837, 0.99495905711481
2838, 0.99495905711481
2839, 0.994959057114791
2840, 0.994959057114789
2841, 0.994959057114789
2842, 0.994959057114784
2843, 0.994959057114784
2844, 0.994959057114784
2845, 0.994959057114784
2846, 0.994959057114784
2847, 0.994959057114597
2848, 0.994959057114597
2849, 0.994959057114571
2850, 0.994959057114571
2851, 0.994959057114571
2852, 0.994959057114571
2853, 0.994959057114571
2854, 0.994959057114558
2855, 0.994959057114558
2856, 0.994959057114432
2857, 0.994959057114432
2858, 0.994959057114396
2859, 0.994959057114244
2860, 0.994959057114217
2861, 0.994959057114217
2862, 0.994959057114217
2863, 0.994959057114217
2864, 0.994959057114217
2865, 0.994959057114217
2866, 0.994959057114217
2867, 0.994959057114217
2868, 0.99495905711373
2869, 0.99495905711373
2870, 0.99495905711373
2871, 0.99495905711373
2872, 0.99495905711373
2873, 0.99495905711373
2874, 0.99495905711373
2875, 0.99495905711373
2876, 0.99495905711373
2877, 0.994959057113698
2878, 0.994959057113398
2879, 0.994959057113221
2880, 0.994959057113197
2881, 0.994959057113197
2882, 0.994959057113197
2883, 0.994959057113197
2884, 0.994959057113197
2885, 0.994959057113197
2886, 0.994959057113197
2887, 0.994959057113197
2888, 0.994959057113197
2889, 0.994959057112592
2890, 0.994959057111986
2891, 0.994959057111986
2892, 0.994959057111986
2893, 0.994959057111986
2894, 0.994959057111986
2895, 0.994959057111986
2896, 0.994959057111986
2897, 0.994959057111986
2898, 0.994959057111958
2899, 0.994959057111958
2900, 0.994959057111958
2901, 0.994959057111958
2902, 0.994959057111956
2903, 0.994959057111956
2904, 0.994959057111956
2905, 0.994959057111956
2906, 0.994959057111691
2907, 0.994959057111691
2908, 0.99495905711079
2909, 0.99495905711079
2910, 0.99495905711079
2911, 0.99495905711079
2912, 0.99495905711079
2913, 0.994959057108819
2914, 0.994959057106033
2915, 0.994959057106033
2916, 0.994959057106033
2917, 0.994959057106033
2918, 0.994959057106033
2919, 0.994959057106033
2920, 0.994959057106033
2921, 0.994959057106033
2922, 0.994959057106033
2923, 0.994959057106033
2924, 0.994959057106033
2925, 0.994959057106033
2926, 0.994959057106032
2927, 0.994959057106032
2928, 0.994959057106032
2929, 0.994959057106032
2930, 0.994959057106032
2931, 0.994959057106032
2932, 0.99495905710603
2933, 0.99495905710603
2934, 0.99495905710603
2935, 0.99495905710603
2936, 0.99495905710603
2937, 0.99495905710603
2938, 0.99495905710603
2939, 0.99495905710603
2940, 0.99495905710603
2941, 0.99495905710603
2942, 0.994959057105723
2943, 0.994959057105449
2944, 0.994959057105442
2945, 0.994959057105442
2946, 0.994959057105442
2947, 0.994959057103545
2948, 0.994959057103545
2949, 0.994959057103545
2950, 0.994959057103545
2951, 0.994959057103545
2952, 0.994959057103491
2953, 0.994959057103491
2954, 0.994959057103491
2955, 0.994959057103491
2956, 0.994959057103475
2957, 0.994959057103475
2958, 0.994959057103475
2959, 0.994959057103475
2960, 0.994959057103475
2961, 0.994959057103475
2962, 0.994959057103475
2963, 0.994959057103475
2964, 0.994959057103475
2965, 0.994959057099933
2966, 0.994959057099912
2967, 0.994959057099912
2968, 0.994959057098328
2969, 0.994959057097764
2970, 0.994959057097702
2971, 0.994959057097702
2972, 0.994959057097702
2973, 0.994959057096976
2974, 0.994959057095111
2975, 0.994959057095111
2976, 0.994959057094876
2977, 0.994959057094876
2978, 0.99495905709464
2979, 0.99495905709464
2980, 0.994959057093917
2981, 0.994959057093917
2982, 0.994959057093917
2983, 0.994959057093917
2984, 0.99495905709383
2985, 0.99495905709383
2986, 0.99495905709383
2987, 0.99495905709383
2988, 0.99495905709383
2989, 0.994959057093826
2990, 0.994959057093748
2991, 0.994959057093748
2992, 0.994959057093748
2993, 0.994959057093739
2994, 0.994959057093739
2995, 0.994959057093739
2996, 0.994959057093739
2997, 0.994959057093739
2998, 0.994959057093739
2999, 0.994959057093739
